2311
8621
3293
7877
3396
8512
2636
7539
8785
1354
7985
2413
0300
4080
5626
1024
6137
5335
4563
6375
1857
5297
2923
6625
0786
2304
6065
4448
2973
6627
1638
9980
8897
0026
8292
3708
9437
6076
9136
1785
2570
4677
9525
7363
1878
1357
2985
1168
1928
0831
8271
1510
9143
6223
1961
1187
3215
9056
6920
6662
8680
0762
7836
2231
4352
9326
1424
7488
6929
1421
3028
7752
6407
8279
2202
6425
7004
6814
1051
8326
3992
6406
3104
3540
3615
9433
4987
3312
3976
1976
0571
6581
0990
6942
4099
4917
7489
0058
3066
7502
8981
9894
7423
5248
7656
1069
2629
4062
1387
0194
5212
5071
6495
1830
6356
9973
8868
8678
8910
3216
1694
4691
4865
4302
6979
2356
1002
2184
7851
7830
7997
6485
6503
7436
4680
8345
9747
4424
8243
3547
0182
3882
2631
5897
1153
7086
7470
9261
5745
3351
6398
4430
1932
3113
3641
5501
5517
8260
6348
0612
2527
4656
2618
1277
6861
5073
2946
0638
7659
0636
4189
3415
6813
0193
2754
3510
7424
2995
0187
2242
4852
6112
1280
5061
0011
6001
6702
8309
9425
3179
0222
3783
6057
1894
8301
5649
7719
7338
6505
4552
8951
4695
4815
7450
4289
6678
5235
1465
2755
2165
5122
2348
1906
6160
8321
5613
6924
6382
1904
6526
4907
0838
8086
0203
8213
8695
0708
3233
4783
0967
8104
1096
1300
1372
6734
4897
0661
2072
1678
8268
7979
0559
2893
5022
1895
4537
0631
6266
1077
8433
0073
3624
9035
3782
6743
3125
5109
3549
9685
5605
1407
9929
0887
2328
1689
9377
2810
2464
8103
0712
1173
7778
1666
8720
6819
6583
1652
8137
7556
8969
8694
3551
2394
7464
7251
6792
8847
0744
0326
8727
1429
3657
7317
7968
9203
7862
4634
4271
9383
1946
3120
8482
3969
1964
9122
7136
4829
4920
1078
8970
1675
3583
8304
8508
0615
5255
0848
6238
7960
3799
0132
8179
5622
1404
4952
5435
8768
3928
0761
8716
7519
9759
0683
8960
5507
2071
2626
2707
9762
0345
6800
4213
0387
3843
1591
9405
7759
0369
7572
3379
0013
3649
9315
9896
2087
6873
1068
0142
9142
6899
9275
4321
9384
2266
7325
2472
3524
9764
6540
3872
5455
0325
3736
0465
1583
4423
1378
9267
6748
1986
0980
1807
2811
1588
2498
5367
5889
3895
6038
1159
8559
4561
7732
7725
1856
6522
0215
0748
2988
5140
7435
7772
1795
9944
2005
6927
3495
3826
1735
7958
2957
6117
9711
2483
1057
7627
4762
5830
9765
0209
9860
3650
0105
5983
0770
2475
1175
2905
6206
2703
2530
7392
7868
7681
0221
4219
3210
7333
3086
1837
8470
5593
1896
5053
5126
6214
7976
0385
1938
1284
5988
9058
9328
1876
0689
3786
1337
6535
9533
5377
7579
0613
4259
6636
0715
9798
5766
1759
6773
3522
6366
7387
1117
7154
4147
3847
3917
4377
7320
8577
6806
9707
4036
5048
8722
3473
6376
9274
4797
1584
7482
1606
2657
2797
3889
8163
4558
6896
2241
6642
7390
2902
5399
6660
8916
9890
1102
7352
0384
1172
0133
7040
2146
2238
1236
5756
7781
9503
0959
8900
2056
9632
8287
3138
4137
7687
6809
7045
8640
9650
5057
7250
9364
9646
2509
7217
1838
5348
9741
1575
5448
6999
5535
7372
1745
0239
2960
9011
2508
5197
2880
3240
3358
9340
4365
3904
2306
4710
5555
7111
9596
3054
4155
4236
1067
6173
1290
2488
0437
6033
0463
0563
1416
4714
4819
5944
3121
5379
6264
7073
1055
6718
8136
1207
7984
1823
4692
0306
2563
6788
7420
4242
9782
2642
1649
9232
4117
6045
7408
3580
3328
5420
3561
9292
0787
1542
3794
1848
6228
6499
0594
4107
8235
8105
4512
4749
1085
7628
5642
7928
7967
7233
4767
0781
8510
5330
8748
5981
4730
3860
0561
3513
3073
9159
4101
5879
8439
1344
3662
0044
8912
7538
5371
5834
0862
8080
6178
6640
1738
7465
1456
0012
7313
7158
8746
3533
8303
9085
1965
8529
9053
5787
0318
1270
7543
1495
5260
6680
7149
0458
7337
8601
3017
6040
0093
8540
2272
5076
6301
3806
1287
4442
4498
8476
0958
1609
5118
8378
4419
5183
4169
3122
4556
6110
7393
6159
6272
5392
3432
0982
8609
5603
2199
6638
0330
4357
5311
9407
6907
8616
3437
2259
5029
6292
1898
5916
5128
1680
1950
8230
3166
5059
4343
8620
9079
0046
7023
7650
7212
9875
5342
9105
4366
6397
6298
5430
5917
6854
4104
6256
9012
2872
3956
8633
7926
5953
1662
6335
0857
4328
5731
8253
9054
1703
0322
4097
7137
7708
7013
1071
8550
7653
0177
5901
8272
4225
4451
0483
3916
0898
0279
2401
8634
9300
9471
4892
7731
8187
1046
4275
8895
9998
9018
9281
2001
4479
1818
6956
8446
5303
7276
5873
3277
6027
5062
8688
1718
7577
8251
4494
2681
4687
1957
4894
7192
9827
9330
6270
1987
2619
2824
6248
4330
4990
5609
4418
5738
0006
9047
6787
8811
6552
2417
4511
0431
1997
5549
9512
1230
6481
1000
3320
3119
6395
6591
6711
1018
6933
8622
5612
6472
9519
6415
8022
3403
3705
4684
5160
5421
1512
6029
5845
7666
2060
7194
8630
3604
1295
0531
1329
4860
2002
0813
2032
0932
6199
7172
9246
9544
6694
2309
2721
5712
0409
9212
1098
5050
3237
3147
8012
3809
1020
3433
1254
7213
7724
4069
2432
9641
3136
9587
0546
2118
0635
8712
9208
8009
5478
7765
3042
1869
5477
2597
7688
8302
4505
2661
2046
2298
1615
4288
6901
1910
0823
4966
1370
5506
7437
2389
7499
7316
8077
4822
9532
3798
7218
5353
1027
3367
1748
8805
7346
9571
0271
3164
9283
6305
2862
1658
2288
7950
4401
0802
1130
9266
4457
6457
9653
4337
1383
5529
2869
4597
1843
1062
5249
4016
9110
1562
8065
2524
1526
6480
8556
3703
7265
9068
2062
4986
6249
8964
5052
9060
9870
8854
5121
0809
2663
2380
3631
5192
6507
3948
4017
9151
5802
7490
8118
3848
6189
8351
7050
8697
9889
1463
2124
3552
1263
2800
7174
7896
2907
9724
8704
0126
0574
8657
8096
7661
0815
9316
4052
8352
4592
4904
0996
3596
3505
0721
4788
3255
5327
0336
9845
7257
6904
1887
2499
7617
6786
3212
1373
4038
7774
7142
5049
3454
7550
1307
3039
8252
1411
4234
9793
7696
5397
0082
5540
8320
2820
1705
2257
6365
5646
2141
5770
3727
5955
0542
7492
2430
4602
2011
8948
4526
0272
7088
5797
7971
7809
1564
5411
3181
6574
7485
1449
3821
6104
4393
5292
7096
9280
7865
4031
1138
6364
9271
2517
5358
3801
7128
6964
5159
2501
8855
5295
0171
8325
2179
4830
5368
9923
0188
1446
0323
2481
1148
5176
1349
5386
4075
3314
4394
1982
9852
2397
3942
5696
0526
6282
5337
4182
8195
9317
7803
4039
0195
3817
9549
9531
2805
8908
2341
8726
5307
9357
2486
1786
6684
7343
8567
8393
8402
0317
3930
7394
0968
9884
7771
4992
9582
7676
0937
8744
2220
3793
3743
2677
2818
3521
5907
4698
8723
2119
2283
1908
9367
2807
1724
7421
3062
2098
6225
4221
5389
3950
7815
7693
4086
1310
7786
0241
3514
7908
7418
4400
5187
4747
3854
8515
8950
6004
3719
8407
1358
4543
4015
8690
1620
4967
7874
7027
9227
7799
7838
9485
0765
9541
9542
8079
7824
3193
8693
5715
5985
4035
2704
8922
2420
6471
7503
3771
3174
1224
1940
8424
1842
1475
4324
2692
0729
7631
8906
4612
5396
5124
0422
5695
1440
2714
5542
8979
1369
9697
1751
9167
3796
0598
0294
4828
0873
2344
7680
0677
5705
3236
7604
2750
5904
0094
7170
8527
2896
3080
3311
9180
2154
5039
7912
2748
8039
5120
6012
8637
9147
0417
7515
7892
0906
5576
8210
7883
3341
0658
3834
5476
3360
0905
4475
9545
7747
1005
7278
2223
8408
1651
0740
3899
4411
7920
8766
0855
7297
9470
4076
3536
6630
9995
7132
7097
7980
9550
0153
4743
0155
0502
4919
3810
2048
7782
5214
6061
9563
5018
7177
5621
0710
4607
8126
5045
7716
3672
8715
5730
2856
4672
7469
5973
1242
8312
0691
1521
7195
4024
0736
8421
2128
2319
5503
5819
8046
3197
9559
9443
6587
9539
3047
2016
3057
3499
3945
9128
0854
1720
7205
1977
1912
9964
0191
9915
6869
7358
8861
8127
9424
0351
6655
9739
0834
8946
9962
3978
1766
3559
5463
2582
8290
5234
8014
5251
9914
7859
4191
0150
2127
7031
6870
8596
3539
8756
3630
4223
5310
7293
2511
9767
5748
3687
7989
8037
8216
1791
6452
0083
7223
8724
9306
1975
5144
8128
2713
0915
3846
5966
9298
4281
0121
6383
9652
4630
0399
9963
7818
2171
0753
3915
0348
0846
8988
3509
8962
1874
2998
3434
8770
4862
2194
4766
8494
6107
1181
1754
6962
2149
2968
8599
1141
7722
2708
6762
8173
2029
8099
9547
2262
4469
9134
1593
6477
4689
2801
9969
0123
3131
3516
9216
5441
5647
4844
6217
6975
9760
1265
9555
5113
9999
0595
7504
6652
4146
5544
9045
1863
7061
8802
6508
2245
7951
0586
5484
9851
4610
6051
1517
2395
6651
7940
8143
9162
5171
6594
8295
0139
4609
4369
8427
1056
3634
0957
3556
4050
6836
9413
0530
6215
1726
6983
3565
2402
8114
6895
1016
8532
0103
0481
9751
3285
9982
6083
6701
0113
4173
6387
9038
2647
7411
9339
8958
4464
6695
0776
7495
7790
9179
2568
8877
6547
1359
9481
1716
9032
7701
5191
3673
7554
3990
2465
2565
8794
5744
4072
3315
0829
6879
8905
2321
3353
4580
7974
0771
6394
3295
6031
9185
3629
2560
3144
1947
2313
3844
2457
0104
3140
7344
1136
1423
9792
8658
1467
3861
0329
2678
1577
1415
0714
1984
3873
8130
8405
3466
1202
1864
2688
1398
6274
7300
1551
1979
3458
8102
3435
4921
9432
9903
2477
3156
6972
4046
5807
9350
7305
0219
8498
6998
2206
7064
0016
7129
6579
7324
4174
4787
0554
5152
9422
4020
2770
9878
8263
0220
3489
3880
6699
8261
4882
0415
5801
3085
6754
7944
5313
1948
2461
4646
5515
2593
6118
9124
2228
9213
7186
4355
3356
3099
9534
6367
2623
3209
3325
6599
9297
7397
7442
6240
0262
1560
6105
1774
1151
1285
8341
4963
6774
4905
4004
4209
1466
8595
7359
7157
5376
3573
1746
4683
0696
4429
0362
1608
4872
3670
9043
7292
7368
0190
8360
2731
4720
2974
5814
7745
9262
1973
3381
4937
8205
0341
5627
1659
6902
1985
1998
4066
7052
0097
2602
4497
9314
8348
4184
6577
4299
2795
1146
6617
7994
9003
2148
5250
9015
1486
4143
0258
8653
2023
6177
8281
5781
4203
2189
4322
0087
8806
7755
1709
1527
8587
6281
8838
9067
1978
4847
8795
4988
1942
9344
8490
1197
4520
6216
6242
7051
8452
2084
3823
9509
9796
9410
3502
6891
0115
7284
3264
2877
2107
9776
3472
8479
4982
4515
4806
5134
5219
1723
2379
9198
0492
9647
6704
0175
6164
4444
9600
2019
4231
2451
7812
1204
5278
8152
5884
1626
6082
0315
7496
8502
0402
5487
6606
1379
9622
4013
0673
4229
8942
5624
4631
4583
6402
9000
6446
4296
2865
8769
7008
0064
5480
3456
3577
2583
5823
1827
8943
5032
7919
5584
4314
3770
9002
1116
1493
0074
2917
6573
7366
0002
1408
2390
1412
0048
5040
4319
2780
4361
2599
7283
6992
2929
3984
3871
9265
5055
4420
3678
8576
8935
6142
6737
0421
4472
0411
5724
2429
6184
8771
2933
0459
2710
4003
6421
7648
4063
9932
3593
5246
7545
2718
2387
0760
6009
8161
5290
8553
2656
4991
2204
8451
3300
2888
3068
6720
3695
2662
4151
2853
3245
7002
3883
1797
8381
2814
0178
6609
2314
5759
4746
7615
8858
9620
3750
7102
6555
1390
1296
3031
6779
8029
8579
5508
9428
9955
0766
4091
2823
0579
9194
4059
8419
0869
3725
7231
0301
5509
3447
7449
4623
8691
7134
5531
8083
8058
8477
1023
4595
6953
9393
2176
0584
3400
6469
4525
5410
4316
0716
5865
6261
3623
3368
4113
3488
7513
7271
8162
2235
4193
0626
8689
8444
9708
2346
8158
3301
5616
7121
0001
3452
9899
6530
4535
3426
0533
6354
8742
6723
4578
1980
8544
8823
3280
6828
8828
1274
3680
6688
8322
2858
9108
3272
5166
6447
8117
9640
8711
6506
0291
9956
4708
6582
6086
0163
3101
1614
7991
1742
7254
7279
8820
0207
4796
0501
2594
9430
5418
8165
6235
7314
3897
1819
3787
0043
6202
6563
9472
8384
0954
7635
2515
8247
5044
5459
7734
9034
9094
7996
4323
8627
8819
5469
0680
1850
3016
4165
4482
2007
0506
8535
9488
3041
5272
4978
0134
1941
2145
8217
6396
8059
0989
2290
8331
3863
1646
9077
0283
0461
9452
4382
2122
3866
7199
6332
9239
6824
5034
6077
7110
4516
0835
4600
4961
6226
1433
5241
8839
6709
6829
2037
6140
5023
5065
5977
1782
3132
9520
3416
1685
0795
8919
5115
8829
5538
9100
0566
1855
3697
1425
5564
7030
5550
8469
0096
4141
5866
8459
9800
0743
2890
9069
8655
8516
7852
3419
1111
5846
1688
1516
7663
3936
3762
8604
3474
4909
5423
0927
2897
3130
2115
8426
9154
1260
1481
1196
9029
7462
9688
7609
6220
6404
1048
8815
2334
1739
0963
2931
8623
4751
1032
9820
2061
6130
2696
7614
7910
2850
7312
2518
2353
3257
8232
6509
7808
8864
9757
5258
8374
0543
3195
0184
9848
3289
4699
0672
5710
3569
7742
8681
3712
0346
6172
6980
0742
0327
1308
2221
8801
1557
5329
5108
9332
2495
3693
3892
0548
6515
8613
7202
2381
7151
5667
8450
3627
8733
2938
4001
8682
1239
9301
7988
5993
8735
2790
7621
9164
9744
4291
0946
8669
8725
7483
0876
3954
8505
9733
3603
6963
7188
2133
7446
0985
2506
0034
6886
3655
6656
5939
1925
5374
8780
2538
6550
0253
3538
5694
6643
3470
3932
4261
2246
4445
7286
5298
7371
5650
2882
0746
4311
3723
8563
7407
9088
0470
5566
2103
6280
0872
2182
4849
8090
4682
3082
5202
7334
0616
9667
0556
4470
6997
4824
9649
8467
4187
7015
7362
4831
8956
6303
0837
4345
5554
6336
4777
6623
1691
4774
5600
1519
9940
2577
8538
0169
4964
0844
5383
9368
0441
8928
1668
5269
6649
8147
4460
2205
6090
3022
2836
5762
8072
0624
7342
3711
4441
7249
9195
8721
9378
1223
1233
4125
7308
1836
4931
9387
7321
1286
9103
1011
7178
9655
4586
4550
8971
0600
6546
8880
4836
0230
7672
8416
2275
6827
7625
8904
6566
1623
1070
4793
5971
0117
8493
5524
8041
3906
4094
1884
0089
3088
9258
6306
1972
5975
2349
5026
7532
6297
0910
1328
9615
6681
1194
3150
9888
0062
7160
5536
5158
2302
2373
7891
4336
9230
0504
1195
9268
9172
6676
7591
2670
6666
1581
4309
1257
4753
6341
7456
3185
9575
7510
4439
6108
8139
8101
8845
4798
7935
2296
6300
3784
3851
4207
1439
5257
8709
5703
6052
7743
2855
5699
6892
5361
3045
7402
0028
3512
7878
9658
1992
0690
6912
8484
9282
5440
3171
4048
3288
3888
4262
2271
5381
5692
5832
0789
7671
7855
7526
6558
3471
4040
4060
3191
8289
5669
5815
7131
0412
3718
5413
9777
6351
6876
5366
6935
2386
4178
5771
7378
7626
3921
6342
2433
6120
7036
7193
4922
2665
2673
8876
6021
1721
2564
0235
3483
0100
3639
4065
6543
2173
3158
9709
1712
2391
5885
3836
9901
9885
2832
8732
2580
0976
8070
7767
6728
8060
2195
2886
4491
7438
3007
4010
7399
6801
6122
8992
4388
1072
8509
0032
7486
5673
0601
4994
1882
1165
5628
2492
9854
8362
2724
1640
4488
7444
7575
8982
0154
6000
7480
8931
1316
2039
0310
8524
9417
5131
5974
2635
9907
4131
9461
6483
6498
3824
7664
9917
7558
7761
9480
7118
8913
7739
2587
3590
0803
5365
0143
7161
8003
6791
1281
0628
5177
2159
6268
9484
1690
5291
9572
1799
1209
4292
5780
9975
7889
8489
4374
4912
5776
2070
3985
0799
4188
7093
2096
2247
4195
3542
8998
7494
0281
0590
7237
5281
2638
6087
5583
4310
2942
8593
4856
3291
9149
3927
1757
2558
3067
7000
9460
7647
9412
3523
8833
9625
3704
9327
8280
0045
3078
3584
5468
5233
4970
3481
9001
1368
9204
4285
8664
4308
6380
6389
1599
8561
4257
9623
1288
5581
2180
1340
7544
8092
1436
9638
7523
0445
8078
8256
0159
5788
1123
9284
6121
3884
9335
3768
2539
2701
9092
9021
0418
6066
2320
4379
5870
7903
8428
3825
4431
5751
7678
2051
9891
3318
0019
2669
3003
3465
6955
8790
3498
9027
1428
1301
8129
0950
5493
9597
2684
5193
2134
3658
3292
9382
2419
2181
5013
3961
5511
5438
1851
4959
3249
2240
4435
4662
4228
3830
1555
5339
6025
9257
5275
1234
0644
8209
0000
5636
9083
4168
4079
1788
5225
4506
5854
8624
0119
2312
2469
5074
8410
0882
7953
8051
0931
3476
6134
9324
7750
3667
1420
5653
8294
1507
0654
5567
6156
5919
4999
4399
1616
7879
1218
2377
4128
9487
2953
1045
6193
3492
3014
5970
7163
7639
8149
3151
3765
2870
3971
1993
0383
1156
7916
8434
9111
1587
1669
7682
1665
3357
6826
8016
6339
2549
7355
4655
1637
0491
2505
8750
3579
4238
6598
8687
7471
2164
2822
4333
6456
5828
8473
2153
0053
2543
9569
2232
6834
7593
4881
1298
7829
9309
8853
3046
3227
6106
0420
6042
2615
2654
5067
5779
8398
9580
1419
3775
3232
8940
4541
8934
1105
4081
0747
4638
7890
2329
7563
2063
5799
8583
1955
7405
6359
3531
1210
5662
5954
2757
2983
4736
0337
3716
9912
5586
6703
3145
6845
5822
8269
8832
7084
6601
3964
5729
5905
2641
6101
2104
5017
3058
4641
5058
8460
2169
7053
0899
7281
1937
9418
8673
9020
8383
1731
3020
3676
6487
2307
4514
0480
3155
1776
3849
8642
4614
6986
7140
9871
1539
0727
1087
2067
9343
0269
4569
4467
7978
4818
8229
2291
3383
4859
4501
6776
3924
9872
5483
1356
7219
8098
4636
1546
4179
9435
6132
5640
5638
6438
8399
2274
3412
5424
8619
1549
9446
0723
7054
1451
2094
6778
3722
6055
9078
5161
6405
1249
5404
0076
0801
2767
0243
6195
5588
5908
5816
5852
7234
7842
7220
4210
2649
2607
6222
7902
8834
1132
5350
6950
2591
7227
3598
5318
2768
4320
0350
1921
5136
7310
0725
3407
0320
3223
3606
9832
1170
3869
6436
3199
9732
2076
6150
8573
8283
4356
4625
7285
1919
7983
5614
3635
1534
3302
9946
6039
7566
3060
4834
3661
4594
5028
8167
2909
1150
1008
3084
6492
8307
5665
3653
3585
3135
8084
9558
4659
8123
5328
1289
7702
1951
4591
2997
2155
6015
8458
4244
5429
2804
0856
5394
8574
5611
6921
4853
0839
6349
9403
1619
2020
9643
1473
1335
4800
2613
3276
9609
0627
9374
4149
9731
7360
2035
0678
8355
5987
3204
9445
5877
6668
8881
4119
5883
9694
4502
0811
4891
4619
2987
0410
2745
5754
9677
8856
9483
9492
8133
3519
4997
9991
0833
4929
7622
7624
3681
2648
0651
8628
0265
0403
9169
8551
2966
5043
5346
3493
7460
6476
3021
5565
0588
6095
7961
7391
8267
8196
3618
4286
4960
5382
9778
5654
5436
7817
9879
5442
1550
6798
0039
9362
7972
4833
7677
6567
5070
8699
1347
0352
6847
1426
1345
6945
3729
8541
9127
4359
2276
7585
8053
4703
1163
7458
9165
6417
0607
7141
8191
6807
6825
2928
7662
6368
9562
5948
6994
4584
7930
7582
1293
5671
5910
0331
2467
5888
8425
8221
1122
1080
2403
9698
2926
7751
6496
9736
3982
6211
9859
8019
1291
3962
6993
8513
5294
2236
5203
4373
0827
6970
6034
9628
0162
0251
4462
4877
5119
7703
3564
1074
7937
9450
9783
2596
3870
6658
8496
3439
0646
8717
4495
5923
0129
7749
7603
8448
2668
4529
4042
2064
8813
7942
2903
4025
5664
1206
7245
5556
4364
2600
4902
6820
9391
1968
2412
3281
4012
1737
7026
8206
5230
7854
2494
6724
8457
9812
3595
9163
2944
9986
0024
8873
4290
0633
0920
5502
5813
8063
8675
5011
0825
7497
2426
0849
7173
5190
3929
5390
1915
5021
2986
7347
9959
2479
5422
1755
8033
5500
4287
6511
5286
0749
4679
7760
4108
8056
7069
8397
9074
8040
8789
5629
0137
9459
9957
8817
1707
6653
9360
2286
5082
2958
2038
6286
6260
9117
5676
7135
4984
5958
8464
8728
9934
3102
3203
8188
9937
4812
9135
2074
3241
9051
1267
8885
8291
5856
5489
4953
5740
3092
4202
6161
2547
0017
1380
3187
0497
8332
1256
1654
7253
2788
6344
6545
7796
0372
7899
7932
0101
2065
3182
3234
5238
5439
4911
0719
8930
7569
1417
7365
5967
8017
7697
3455
4009
8610
6290
3103
0587
1657
5207
2952
4318
0292
2359
5415
4243
8568
8085
4949
1121
1839
9359
6167
4354
2574
5491
2265
3689
8091
0358
6287
9543
3384
6966
9439
4090
2097
2073
1967
2586
3336
0181
3856
1384
6022
4697
9803
4795
1769
8549
3887
6741
8639
4000
7361
7374
5969
4293
9947
4061
5165
6400
5173
9935
0609
5069
2006
1636
3262
3399
8959
1905
4867
9427
1093
2892
5189
3160
7441
0763
1160
1334
2519
1253
1504
0971
8491
9818
2374
1052
5552
1645
9490
3071
5403
3993
5996
8120
7727
0201
2392
3795
8629
3728
7433
1592
2200
7461
2526
9924
1009
3111
5880
9414
7180
9656
7901
2036
7264
8108
8719
4825
1139
5014
8840
5201
3247
0196
1025
0438
9910
3391
5046
5735
6996
6612
0236
5180
4447
3698
4657
6381
2150
9352
5652
9617
0054
0444
3377
7848
9507
0583
3500
9960
5089
3683
1232
5228
5725
6100
9808
5921
8791
5561
9683
6361
1060
3390
5656
7016
5827
9794
0969
5425
3558
1639
4018
5239
8359
8186
1149
0516
8914
3739
7640
6823
9610
5356
2838
2292
0347
5091
1174
8591
4268
0865
5153
5025
9831
4989
0274
7037
7802
2734
2075
7658
8097
3422
1503
0382
8027
5534
9681
2192
6449
4721
6570
2809
8572
3819
4817
6731
4624
5051
3196
8119
9791
9126
9202
4850
6874
3443
9402
4317
9862
0128
3841
0943
1471
6144
9755
4564
2779
5224
6770
8708
0464
3269
0983
7335
6610
6932
2794
9695
9868
0401
9390
3116
4669
9290
5796
6258
0622
8961
1128
9286
1247
3294
3855
6714
1427
7861
8435
9734
0617
3721
4930
2827
3874
4158
7667
1081
0289
0843
2963
8571
6036
0319
9931
5899
7583
4740
3430
0099
0156
7472
9763
9308
4996
7125
5417
6730
2317
6484
2689
9814
0489
4216
3089
3541
3571
4403
4940
5527
1244
6158
1167
9225
3766
3183
0806
9522
1228
4542
1903
3747
5513
6957
3637
5619
6056
6353
5211
4593
3431
1402
0693
4461
7921
8456
5199
0758
8207
6697
1255
2404
3026
5075
8132
6068
5678
2332
2694
2207
2345
5794
1104
4642
3582
5208
7386
3211
8225
2783
1459
9504
0666
0391
9191
0722
4166
5539
3463
9254
4130
2742
8220
8917
7590
0752
7913
6064
6234
2771
1597
3284
2301
6639
7952
2994
0116
4348
2463
2825
1834
1532
5698
6207
4014
8983
7598
9063
5523
8282
2633
9722
1219
2533
0688
9570
6028
0021
2913
8696
9810
3497
9714
1825
4536
3813
4313
1952
0267
2108
3774
5835
7166
2285
3800
7477
0733
1710
4109
8752
1871
9014
6493
6860
7443
6473
9771
3350
2050
7553
9042
9536
2041
6024
3674
7673
2845
5559
4465
9293
8902
9109
6542
2569
1326
3715
5364
0975
3024
9987
2883
1215
4029
2405
5704
8170
1632
9633
5598
6343
3842
8361
1192
1740
5472
5398
6239
2436
1189
8142
8684
2507
8676
2603
3609
6060
5685
0080
0754
4326
0210
9448
4935
6716
8777
4673
9107
2605
8422
5545
7395
9939
2080
9199
9096
2158
8339
3256
7089
2059
0338
1929
4945
7011
5557
2598
8233
4410
3937
1811
2453
0891
0324
2889
8592
1084
7398
0443
4778
4835
5810
4265
0434
5746
5680
4665
3310
6593
9601
2843
1266
2372
8343
7845
4538
1259
5092
8788
7578
4792
7427
4576
7962
4235
5825
7296
1770
2685
2487
8011
1522
8202
3306
5451
5755
9635
8707
4871
9979
1880
6943
0947
1981
7584
0131
6995
1026
3218
8520
6916
2310
9273
2408
7487
5167
1336
2168
9997
8933
0487
3625
3994
8588
7712
2244
2632
5428
0573
2170
9659
0755
6903
6840
5991
9795
2027
9583
5560
5672
3169
8643
0867
4903
7711
0344
6186
9272
1734
1441
3050
8816
8810
1184
0687
8171
6181
5054
5688
4758
1303
6412
2676
5132
2407
9857
1784
2083
5663
8131
2058
3807
5533
8052
3008
1907
0767
7507
9691
7959
2354
8192
8743
0822
7757
1831
3330
5620
8879
1556
9353
0984
6350
0307
1161
0229
2493
2991
6514
1240
9546
9781
1530
3323
9137
0067
9516
8150
6479
7302
9475
2250
5064
3001
6371
4947
1492
4405
4255
5003
8094
0055
9920
2666
7024
1994
8528
1431
8265
1911
5840
1821
2522
8363
3375
4380
5739
6665
7109
1269
0991
3070
3651
8903
2399
7020
2034
2760
7339
5427
5309
5216
8878
7893
0168
5168
1533
1966
9294
3548
5774
7404
0042
8957
8395
9524
6243
1474
8455
8323
3957
8338
4304
1656
5717
3515
6631
5546
4272
0794
2249
5855
9602
3322
1268
1477
8947
6674
6719
0084
7600
6347
7946
1367
4851
5683
7882
0913
3550
1733
7481
9253
2908
4549
7850
3527
4876
1953
7873
0018
6898
3543
2945
1221
6379
8319
9372
8554
9289
0416
7197
6969
7071
9645
5143
7262
5668
1567
3018
1124
3619
6767
9482
8330
4745
7807
1243
3192
3751
5896
1409
3265
4455
1061
4547
3462
2138
1444
5149
8178
0695
9231
5460
3366
6084
0450
2534
2512
3973
2815
8850
0085
2644
0653
2491
1352
8973
9948
4044
1927
3838
4205
6671
1501
7304
5112
7478
5632
8545
5047
9005
7570
7589
6750
0224
4233
0718
3468
3230
1134
9046
6194
2521
4215
2462
0883
2653
7179
8372
9228
9775
5891
8095
6648
0532
6939
4360
7540
6538
2014
4688
5169
4944
2772
8387
2566
8749
9828
4139
0804
7713
0648
2622
0025
4258
1702
0355
1365
0894
6789
8184
5402
8670
4362
6263
0176
7258
9663
6129
4803
8952
4855
8757
4678
8605
8333
4422
5016
9789
9976
2201
5155
9843
5138
3608
5302
2857
0475
5453
1548
0282
6488
9263
1323
6002
3451
6313
5343
8075
8155
1590
9010
5331
0956
7866
1452
1605
9166
1852
0928
1866
4297
8898
4387
7388
7905
7922
4485
1311
7895
1900
0706
2739
7014
5363
9936
7884
3343
2791
2473
2546
3501
3035
9758
5732
9447
1525
5701
7150
5716
5851
2579
7733
1934
8603
2277
8004
4252
9766
3868
8134
4054
5072
3965
4956
8884
4095
7699
9207
1763
2868
8238
5841
9983
0840
2243
2383
8875
6143
4618
9513
6765
0685
7066
2514
5666
6990
6837
5280
1058
8069
7788
1453
3427
9187
9630
6017
0523
4440
7610
2803
3386
3010
8324
6063
1211
6968
8215
8194
3317
6048
5271
0052
5300
5349
4437
9465
9363
7270
5304
3831
9210
9121
6079
6119
0484
2589
9994
3902
5786
6934
6521
9965
0311
6548
7837
5961
7336
6562
4381
7085
1410
7982
0486
6575
7729
2993
9473
3829
9664
5750
5601
8525
6985
2525
3617
6340
4555
1389
5842
0277
0393
6576
6564
7476
0242
9952
3769
0361
7060
5231
3059
7493
2331
5085
0734
2763
6777
5679
7210
3920
8918
5325
3224
4200
0263
0505
3159
7966
2812
2573
3198
5162
0670
2010
8654
0218
1595
2595
5324
5633
9176
3146
5806
9599
7295
2028
0095
8390
8782
4611
4837
4521
2912
0033
5354
5800
8997
4256
9880
3015
9657
2211
9479
1730
2717
1496
5749
1199
9877
9123
3117
6859
8700
1513
0525
3304
2052
4768
0713
5137
9672
1914
2715
2634
8100
6439
7654
0805
3194
1137
8062
0625
0603
2784
3347
5204
5592
2528
6818
0675
7431
5370
4098
5532
0370
9668
6049
3845
4120
5259
1798
5174
3395
8980
9576
4722
3903
3346
6385
7709
8978
0261
0901
3036
3029
8849
5980
1736
7533
5946
9804
0660
0498
7669
5273
7911
2920
6175
2295
6958
7434
3332
4729
6330
9322
5133
1681
7414
6408
9723
3225
1306
4026
1744
1217
8227
2523
4983
6830
7746
7520
2252
9790
5918
5986
8462
2542
5784
8278
0544
0652
9805
4615
6091
9824
1414
7537
1969
5181
6804
4167
1913
9634
5860
4981
8350
7785
9841
6162
0192
9039
9898
0826
7323
2659
0897
1849
1360
5932
9693
3923
5287
5687
4761
3850
7571
8024
7403
1448
6585
7484
6740
8223
2864
7070
8751
9373
6468
6088
6432
7214
5268
9449
2837
8953
2690
9692
4651
5194
5997
8552
0360
6739
2861
8110
3345
5569
0328
3258
3815
8661
1808
0427
9811
5547
4177
9537
4807
3840
0597
7779
5147
1520
6019
3517
1297
7103
6229
8993
4553
8800
4478
2471
9115
6168
6233
0237
1038
6675
8915
0293
1568
8088
2167
2854
5670
5577
6722
4224
5847
5232
0473
1226
3446
4577
3958
6320
6706
0585
8177
2140
0637
3299
8936
5485
3359
4110
5288
8154
4805
4790
2260
7718
9118
1333
2777
8764
9375
9750
5709
2833
7909
6358
2131
4425
6422
5824
8607
7714
5081
0354
1479
5713
0371
0934
3253
8262
0439
0772
7864
4123
0308
1544
6197
3397
7587
6833
8990
3444
0560
3485
1610
7527
3282
1547
6289
1835
9551
1089
1464
6008
0069
4058
0606
2069
0031
7246
7934
5768
0536
4570
7168
9215
8518
3202
4841
6710
3075
2915
4560
6179
5681
1820
4551
7094
1611
1252
7800
5708
8403
1667
2209
3006
7551
2293
6817
4647
9153
6312
2090
5505
1059
0389
9608
4975
9388
6544
2916
0877
6918
1706
0172
0674
2977
9554
0244
4347
8569
6169
0305
2351
5900
7055
2736
5926
7455
2113
1634
8141
4842
9245
4033
7969
5141
2279
2860
6318
6618
6893
5317
1822
5934
3339
6221
7473
7574
3200
0260
8255
9426
1484
0460
2114
4562
5839
7720
2720
1469
9853
2047
0814
8429
8871
1816
7230
3387
1803
5456
5890
2871
1438
2502
5804
6708
7646
0832
1272
4653
7009
8533
5606
3369
2375
4533
3504
7528
8526
2385
2434
9578
8180
0086
0741
2503
1205
4756
7894
5293
5063
1509
6679
0701
7777
2294
3267
8731
0534
1119
4122
6133
7072
3134
4668
2129
5811
1772
3588
9895
6109
6113
5345
5655
0986
6984
0255
7973
8005
0510
7638
5170
0339
3475
2992
7115
4414
3816
3566
6855
8034
9644
1455
5520
6185
6259
8844
1483
1762
3746
2376
7770
7833
1007
4716
6614
4473
1131
1250
6883
3900
5623
0859
8061
2697
8812
1418
2142
1554
4138
1696
9048
5406
9080
3487
3393
2299
8377
4341
1563
5139
6445
6805
6183
1229
6003
8939
7806
4785
8181
7012
7425
2270
1158
2747
1251
8999
3506
1523
9613
9233
5445
9478
4973
5836
7645
9530
5237
4719
0353
7738
1222
1954
2971
6123
1671
5200
6267
8409
8660
7256
8156
8310
6821
9173
9833
2964
3922
0152
5338
7006
6790
2592
5791
5347
3157
7225
2691
8666
0102
0091
3968
7417
5938
6252
6858
4666
0965
4023
0217
0824
6596
2284
4500
8911
1793
3127
4074
0183
2667
2187
6946
2219
3168
1294
6989
4727
3254
6157
6391
9336
5321
6050
6187
7957
3647
4325
9454
6607
5942
3208
1190
9209
6254
3445
1188
4858
4572
7530
3811
8662
3305
1687
5929
3453
0679
6732
9052
0970
7835
2443
2978
5490
6069
0157
4118
2251
3665
7567
7039
3508
6041
9141
7092
4866
2922
5242
3038
6759
7022
1916
0112
2831
8068
4823
7041
3259
4938
3947
0847
2550
6448
9288
4396
8729
0777
3938
7298
5282
2606
2766
5079
4918
0528
1437
4843
6864
6650
1613
4053
9847
5444
6705
5146
4633
9816
2330
9097
0558
8264
0582
7875
4269
1840
3040
8562
6352
7783
9130
8848
6843
2081
8741
9716
1936
5925
7805
3675
1602
7229
8067
3891
9769
4034
0918
3600
5186
0866
5943
0629
2364
0356
9240
5864
3063
6016
8276
2891
4896
6072
8941
1885
8968
3749
6333
8151
9341
3012
8386
2762
5326
0466
4702
6578
0494
1065
0907
3696
8113
1485
5308
6919
2981
5372
4047
1528
2215
6074
9476
9242
6323
1040
8530
4685
8608
7844
0186
2821
3972
7872
9264
0500
3996
7754
3668
7232
3298
3109
9577
8219
5972
1794
0852
3162
9883
5736
6141
0575
8349
5914
8865
3974
0645
8045
8454
5693
7599
2841
8182
1631
1700
6971
0036
2955
3331
0728
5098
9458
0166
3064
5805
1996
2012
8792
3105
7679
9499
2042
7311
1282
8038
8925
0513
9016
3296
7222
1603
4270
6561
0994
2482
4185
4773
7548
1348
9444
0185
2447
7466
1401
1933
9927
4734
0211
0632
3741
5106
0321
6071
0942
3694
2089
0684
8160
0107
1643
5863
4112
6200
0477
2627
4738
5858
3425
6518
0737
4596
6276
8007
8894
3790
6595
6006
0136
8506
5125
9025
3388
5038
6423
9529
9370
1867
9670
6231
9066
7206
9238
9217
5898
3148
9132
1079
6372
7512
7500
6733
9893
9201
4532
5156
5783
0240
2423
9184
5130
5602
8465
1729
1695
5090
2229
1847
6616
7541
1220
4499
1655
4628
7322
5920
6070
5127
8054
3640
8632
5528
5837
7897
0888
8049
6322
7756
8882
8071
8974
5894
3246
4021
4748
9556
9205
3380
0614
5615
2753
4771
5812
9661
1845
5526
2339
5700
0228
3720
1676
9211
5009
8989
4608
6715
6136
3072
8924
6327
4306
3243
9355
6572
0206
4492
5068
8437
0664
8140
1633
4879
6010
0912
3467
7047
7660
6494
5462
7099
9560
2053
0051
6756
0540
1278
5279
8887
9030
3055
2637
3761
5887
7204
1193
6294
4312
8314
0138
0817
5734
2921
2489
7839
6523
9279
0004
5843
2136
4587
6145
4132
7876
3981
4466
2873
3000
3100
3977
4446
6692
0092
1476
1580
0234
5785
2548
1346
3401
9365
0468
3287
0812
7280
1805
2975
4204
3118
3096
7925
5289
7965
7524
4045
9676
3940
7987
4789
9865
3530
0343
5648
2100
3436
5312
3949
6519
8826
0793
6525
0564
5498
7561
6307
7189
8000
5142
9112
0903
4115
2300
4744
9033
9477
8159
6346
4133
0519
1499
4895
0620
7010
1362
3409
1313
6647
9743
0047
1264
3087
5285
4051
3772
3129
8582
8663
0407
2851
8754
0981
9740
3250
2004
6370
0592
8594
9064
5178
6841
4116
7396
7514
0998
9911
2485
7406
6467
6937
2442
2828
3044
5995
6794
0110
7063
9250
5470
0180
9175
5761
2102
4649
2480
4715
5384
7612
9590
4531
0902
8888
3560
4890
2516
5941
9148
7240
3413
7529
3107
5639
0478
1382
8679
2188
5541
3013
9255
3966
2018
5525
4676
8521
1698
4078
2639
0656
2531
2280
6571
3944
6513
5574
9057
0388
2017
4008
9951
5185
6948
9131
6127
3987
3177
9146
3877
7995
8214
5579
5099
3664
6464
5952
7801
4251
7686
4750
9500
9966
5933
3893
3636
4434
1017
6073
3348
3352
3303
6236
1403
7619
1019
9237
2183
0256
6285
5299
3879
6568
5587
5129
4378
3602
8570
8543
0608
8376
3682
1686
2930
6151
0379
6128
4006
0049
4186
2347
4674
8285
6982
0419
2686
8560
3186
9684
9897
1764
2378
9866
9219
2520
7573
3578
2839
2935
1543
8442
9495
7429
2787
3626
5024
7880
9873
1014
1508
1363
9721
0149
0349
5116
9303
3133
6802
5702
5809
2535
3876
0724
0596
2867
0164
9312
6917
3546
3763
3862
1582
6437
8371
4176
4370
9496
6131
9748
1939
5217
8492
8305
8921
6111
6441
0864
0363
7607
0254
6747
1154
9059
7602
3402
9780
7415
9313
1208
1213
3518
0238
7555
2305
8353
0514
8121
5019
2588
5360
6345
4660
2761
2941
6744
3529
9961
5036
7735
7881
9568
9434
0014
8617
7105
3319
1859
5408
6245
5862
5433
6465
4164
3176
8169
9397
2414
4585
7162
7351
6429
3960
7155
2959
5497
0066
8148
1376
8357
1001
0704
2225
2900
3886
4458
3362
3520
6878
1413
6973
8809
7768
7319
2289
7106
7133
3781
5947
9928
8411
6527
9654
2940
7792
8542
1790
5728
9168
1129
4267
6628
7780
2799
3141
3967
5434
0367
2749
9345
6058
9019
3408
9836
4845
3083
3666
6085
6319
8804
4395
8228
9023
7706
5012
9823
1103
7475
1091
1945
9220
1617
1276
8760
2437
5820
7035
9616
8955
0935
5608
3268
5512
9526
7736
3079
2513
4181
5922
7307
0589
8475
9358
0462
2504
6020
9839
6683
4732
9189
0853
2370
6726
9726
6442
9251
3656
1765
1371
7834
9557
1041
5833
7867
6673
5154
6067
2496
3124
0035
7451
5849
5979
9913
4056
9234
0454
6974
9521
1877
6037
9354
2738
5764
4372
4486
2884
1118
7018
7242
0885
3731
1454
2557
4454
5795
9727
2418
1531
4183
2628
2554
4253
4339
6888
6569
3644
4043
9648
0705
3756
0070
5963
9846
9222
3912
3170
4820
5375
9797
7255
5697
2875
9462
3713
8288
9761
8738
3691
5157
2585
5514
5473
6793
4282
7885
0161
0988
1430
4196
4962
4948
1944
3934
4832
1727
8852
8445
2999
1922
1397
8111
1110
1565
3777
5296
5391
8612
0992
1302
2510
0297
4622
5316
6176
1814
6005
0880
1773
6265
0170
7401
8837
1711
7595
6278
1179
3507
2151
5305
4254
7007
7356
1073
3939
6816
1385
8987
4906
9138
5798
1873
1309
6230
9977
0010
7191
4709
8423
1445
2967
1787
8300
7122
4089
2969
1434
1183
8241
9186
9822
7169
0146
9905
4939
1800
6246
0124
4192
8240
7364
0863
8965
7003
9295
2610
3321
5274
9553
3752
4170
6700
3612
6355
7498
2682
9474
8631
5475
4232
5163
6053
0879
1956
2711
5446
2693
8430
7432
1804
6534
8379
7726
7857
7345
0568
9629
9817
1875
4950
4250
5336
6782
3643
4873
5042
0077
8385
4782
3632
6363
9704
4854
3326
5733
6170
3581
7831
3690
0130
7644
6961
7289
4087
0720
1817
3221
4784
0366
3605
6524
6987
5262
0295
3818
9371
1392
3260
2198
7467
2730
3852
4332
5510
6541
6758
0923
0231
4057
6273
2536
1004
4670
5283
8010
2646
7508
7900
9013
6455
2927
2774
7941
5486
6646
2781
7216
6977
0098
4616
0208
6849
2976
2529
6815
4145
8648
0517
5959
8244
9061
5322
1033
3544
4517
3248
7564
4068
4438
0953
4928
9829
5380
7183
5220
9441
8495
2352
3440
1559
0015
2382
8356
4385
1180
6062
6284
5686
0456
6501
7428
6967
2655
2556
6831
2161
5635
9400
6247
0165
1714
9009
2157
6846
4754
6114
8420
0791
2337
1701
3773
7244
3757
2561
5407
2015
3614
2106
9756
6633
4194
6615
2980
6626
6952
2698
5218
7100
5874
9101
2049
8842
9523
2970
2540
3980
2079
2746
2728
4802
3206
0111
0647
2842
6241
3613
4331
6304
2500
0090
7479
0309
3420
6976
3167
3607
3820
8087
7274
7385
9970
7238
7303
0404
8368
5570
5990
1974
7605
6416
3266
8342
7588
0200
2612
2729
8172
4417
5677
9665
1331
6308
6707
9967
1806
2906
9779
4914
0599
6321
4893
2197
4980
4681
1443
5332
1813
6115
9248
7074
7329
3918
0485
2222
7674
2609
4861
4711
5236
4005
5518
7954
0266
0634
5315
3376
8106
4728
2712
6696
6947
9007
8799
0364
9095
1832
2604
9990
2224
4731
8112
3349
1246
3355
5772
2725
1683
1752
3537
7182
4073
2972
7224
2849
2671
7079
4198
7608
2273
0249
8021
9334
2476
1642
6089
4573
3812
1518
0788
6771
7327
0296
4880
2162
9673
6490
8860
4156
1012
2727
2798
9678
4239
4305
8197
9669
2258
4389
3534
3307
4358
8818
5790
7033
1088
9591
1860
3700
0408
2400
8803
5718
7175
0428
9921
2110
7184
1943
5037
5035
6850
3913
0917
5867
8109
0682
4301
8611
8763
7594
4349
1115
8548
6250
7690
7077
2990
9802
8318
7091
0926
7354
4524
0378
6772
8199
2350
8375
4397
2088
5573
8938
2863
6785
6337
1846
3019
6475
2109
9318
7860
8835
5869
4566
2611
4402
4863
6698
8907
9380
8328
0836
0987
5859
2652
8665
4713
1396
6635
6742
2719
5359
4484
0065
1719
2092
7596
3139
4704
3213
5962
9719
6434
1596
7243
2116
7203
1881
4102
2454
6474
1890
9639
7330
8193
6729
3946
4421
6862
7159
1990
1715
8504
1892
9840
4218
3671
0114
9585
8006
3789
7005
6908
4870
0800
1926
6209
2490
8581
8602
4481
3037
8306
8157
8874
1305
1693
0469
9971
6462
0604
5690
7929
4933
0245
5818
8248
4519
9188
2239
7793
8401
8846
6502
4694
1879
6799
4640
9026
9379
3110
8995
3242
5522
3273
9190
9348
5643
3226
8652
4456
1625
8315
5401
8703
0541
9409
3935
8064
3726
5378
1237
1470
2743
3428
0619
1679
2371
6842
2575
0108
7156
0868
5723
7452
1991
2705
4936
0397
9626
3563
8890
0939
5741
9680
8636
6783
8747
4129
0972
7087
0993
2077
5760
1935
4280
5767
2261
8042
2230
4752
8480
2191
5521
9876
3822
6146
6556
6192
7695
7101
8175
8672
6532
6557
8373
6661
7044
6654
2343
2910
9244
4813
6915
1176
9968
6174
7017
4816
5205
3864
5060
3442
6925
6954
3754
0778
1886
5722
7294
7029
3365
2178
3316
4503
9949
4335
2785
1147
4946
5931
4049
0314
0199
0667
2741
1728
3724
0273
1182
5196
1541
0782
4390
6717
7065
9855
9259
2409
4135
6781
1330
8124
5111
4407
9406
3189
9171
6098
5010
1552
2925
3832
9718
4706
3759
7580
8391
4100
7165
9116
0127
0842
7816
3002
9073
2410
5937
5033
7606
2559
7267
5902
9065
6941
5150
5008
2817
9150
8299
6634
3597
8249
6414
1771
8954
5466
6959
3894
4925
1200
0962
5998
2214
8035
3030
8598
6951
1960
0442
4926
3776
7048
8483
4942
8645
1343
9579
3737
4103
6520
1114
4245
5927
9310
2700
9943
7948
0029
7518
9607
1171
2478
4127
6171
7810
5314
2435
4735
4875
6605
7557
2939
0509
9996
0618
1537
3479
3901
0908
1355
1780
7856
3491
3753
6325
0557
8851
5245
0769
4620
4901
6453
3979
8050
1279
4340
1569
8066
0692
4367
3313
0432
1332
8920
6299
4599
5821
7840
9850
1789
6669
5596
7353
8753
9399
0081
2965
8474
2616
7209
7629
0285
1872
2078
2111
5395
6713
1920
9922
3335
4142
7228
6910
1314
1891
6796
4786
8367
8201
3372
3405
0798
3065
3143
7114
7247
9586
2449
5951
8932
3069
9595
3338
0539
1271
4153
6314
1375
8183
3709
7887
9376
8899
3648
8242
3925
6491
8889
9660
5571
1778
4840
1028
3622
7963
1826
6745
9735
5763
7164
6489
7146
1792
8093
4279
5594
8644
3142
2996
9041
3532
2979
9819
2323
2786
8531
2624
4428
2340
9347
1663
8404
2269
4022
0400
9243
1405
3244
4124
4161
4490
4663
4661
7075
8758
0697
7419
3048
9329
1245
7813
4887
2956
0820
8793
1133
4136
8555
4027
9517
4246
6835
8985
9874
7380
6752
5965
1833
1101
0797
0893
9518
1897
0759
0106
5727
2625
8824
7196
2324
3297
4295
4969
0204
8413
7715
1650
2874
1377
9918
4571
3620
8501
1021
1743
8606
1930
9941
4776
6517
0390
2601
9247
8115
4409
8176
6182
5607
4055
8335
9618
0072
6844
0495
3032
1717
6419
8116
6736
1238
4548
1604
9486
1198
1647
9420
8584
3027
0871
6497
2899
3449
4468
4799
7675
7763
4371
0302
0455
8798
8329
0978
2308
8651
9438
4126
9738
6624
4114
0118
1713
6043
7112
6152
6500
4539
1989
6603
6210
7328
0436
0610
1553
3733
4150
6938
9133
4794
1393
6693
5978
6147
0995
4913
6180
9728
7938
4545
5110
0870
5015
6725
3686
8706
2190
6597
9463
1684
7562
9017
2338
8710
2937
2441
5773
7789
5080
6096
2716
0392
9886
5984
8135
0700
4197
4814
4808
0512
1598
1092
4606
6317
6324
4809
1248
9089
6559
7795
9806
9666
2163
5658
4230
1106
7268
7700
8222
1082
4227
9958
2532
4724
1036
5447
4639
8926
6906
1781
3914
1524
4504
4427
8972
0158
6154
6868
7620
8370
5589
3503
6512
3091
5306
2683
7581
7740
3983
8739
4993
0232
9497
5184
6531
9835
4276
6102
7108
0892
1214
2398
0280
3853
5432
1031
0553
1108
1113
2792
5240
8001
9619
2950
8270
1576
9984
8713
5892
4671
3677
0144
2911
4237
6463
5362
1319
1169
8963
0819
8514
7379
2054
7147
8517
5179
9784
3654
4487
6604
9514
5464
8909
7670
1076
8257
3098
9040
5989
6867
3172
4283
1013
1899
5096
0022
2256
0698
2143
7277
8537
8683
3252
1540
6426
9075
6388
6411
3791
3077
3173
3827
9825
0711
9218
6401
5982
2722
4739
2439
8466
9700
3217
1661
3392
1374
3115
3952
0479
9440
4426
4007
5461
9834
4248
9992
8336
5747
2769
2866
4083
8107
4266
2581
1841
9774
3149
4864
5270
9594
8412
3859
4273
1225
6645
6580
6418
9830
2234
6795
9752
1125
9821
0659
4603
0944
8317
1231
7748
4760
3477
2650
7613
9506
7287
9389
6588
5351
1901
8365
2859
7927
7448
0435
5226
8901
3589
9256
4979
0671
7534
0440
8718
0313
8975
6262
8949
3034
2571
2237
1042
6909
4781
9099
2444
5078
9621
1339
7828
7341
9161
9501
0395
2342
1641
7057
3835
9837
8211
8443
1673
9565
6188
9421
1660
6435
3688
4206
1572
6810
0332
3684
1261
3112
3274
5850
8836
8237
2948
7332
9953
3190
9631
1812
5103
7655
9229
4294
3290
8311
2360
4958
3943
9305
6338
6780
9861
6672
9978
0784
4742
1350
7517
4180
5223
6981
9489
5471
8340
1692
3461
0202
4658
0810
3229
0059
7181
5002
1622
4567
0578
1388
4376
3941
0451
4733
6529
9682
9730
6871
0380
8297
9221
9070
0357
6458
9679
3337
0878
4274
5706
8239
0233
9442
4148
9538
2086
0973
3482
4217
8174
4582
5848
5151
0979
9926
0977
3970
1342
6549
7907
9182
5935
1536
4664
4140
1995
6205
4644
8036
1505
3951
6978
1917
4298
4477
9469
0286
2085
6685
5637
5758
4392
6328
0299
2123
4884
8635
3601
5504
5568
8369
8857
9502
6866
0226
3378
5817
9104
4579
1815
7636
0524
0964
6763
4883
1644
7384
3414
7187
0694
3652
9419
1112
0212
6018
1758
4412
5578
5999
8944
8566
5994
6081
2466
3701
3881
6424
8575
9277
5266
0449
3890
7208
0649
0961
4934
0135
0259
4725
2645
5575
5243
7367
6839
6914
3052
0641
2918
0911
7704
8821
2367
7474
0377
9022
3999
3424
9269
9593
1708
0141
0562
2160
1327
7028
2033
2446
3702
1585
9241
2125
8144
0288
6769
4278
6812
8786
1489
3484
9720
4604
1022
9278
0830
2664
7797
1162
4154
8212
7936
4878
3574
4489
2422
3633
4976
8392
1670
3283
5341
3188
9082
1514
3418
1607
1870
5657
7126
4471
6832
4869
7119
7459
8013
7906
5388
3219
8923
2954
3011
8976
1535
7375
3175
3553
0858
7058
7430
8447
5753
9972
6277
7315
2813
1783
3778
6738
9589
2297
0050
0895
2709
6857
1802
5964
1191
0565
1571
7853
0472
4791
5610
5803
8737
9702
6602
9528
4408
5878
6030
2621
8831
9086
7775
9226
5558
5617
2031
2943
3370
9989
3270
2217
2796
0268
2876
9933
6537
0681
2068
1810
7843
9813
6125
5720
2177
8200
9574
3275
8453
8449
2576
6007
4264
0079
6592
8546
0227
2553
6309
7185
1292
9337
7939
4449
6949
7080
2932
3404
2643
3594
2672
7241
3178
0933
3108
7522
7167
9729
5334
0886
2365
7176
1044
0577
1039
7791
7269
4998
4574
8081
7924
6124
2699
4780
6528
9457
2137
0490
2130
6269
3342
7668
4327
7370
7769
8394
7694
2706
9882
5912
7001
0430
0413
2541
7560
3837
8364
4162
1143
3329
9498
3271
4772
5419
2759
4770
9431
2448
2962
9737
8500
8431
6486
4247
5172
8736
2009
0960
7288
9321
7282
6766
8145
5087
8779
1775
6420
1049
5924
2326
0567
4303
5357
9566
1570
0922
8164
9674
6749
7611
3460
8734
4342
8273
7847
6872
4070
1497
3611
0520
2793
6377
5707
4226
3496
3975
0433
3865
5006
4351
7641
4459
8730
2765
4111
1574
1341
8539
5604
4391
6244
0386
5580
8585
3909
4568
6279
4163
2545
3373
8417
3545
8146
3997
8600
3616
3128
2847
1312
0702
8929
0148
7649
5247
0303
2208
7923
2303
6727
2255
5148
3986
1435
9581
4172
6378
3867
7130
2024
5093
0009
7642
8808
2651
6329
5107
1506
1971
5915
1003
7145
0924
9296
1674
6014
9404
6881
7124
7623
0875
7915
3161
7501
6936
0375
3354
3758
1054
7468
0373
8547
5405
8977
8650
9139
7081
4398
4943
7252
4648
0731
4493
6863
9467
7453
9451
6155
0250
4436
7138
5104
1109
3764
7981
1594
3991
1809
3406
4214
7190
8519
6427
4443
2936
4032
5449
2555
9938
7931
1490
2752
6539
2816
3767
2425
3714
1828
3043
1142
3885
9606
3710
3931
8032
3033
0845
0340
4300
1299
1090
9008
5340
9768
5135
9395
9770
1066
3805
0623
6775
8488
4741
4064
6670
9696
0471
9788
5838
1578
2388
1381
8030
5886
6097
7689
3239
9338
8250
4693
5426
3570
6224
5454
7975
7439
0057
2640
0549
8277
2043
4590
8028
0783
8358
3744
1487
7215
4160
2614
0270
3586
0662
4757
9307
4416
1677
8076
4011
7949
9690
4077
8020
8674
3165
0890
6885
2139
5409
0467
9320
9386
9396
6032
5499
5519
7349
9786
5007
1924
1304
4433
0792
5582
3628
4534
1053
2660
8298
2117
3554
4974
1450
4159
0225
0938
1472
3061
3154
2101
5123
8615
2358
0779
8226
0916
1883
9838
1538
9869
9909
8866
7038
6390
7123
5769
9598
3669
9466
1824
5857
8463
8671
5164
0333
0482
7970
6315
9699
7381
0768
6080
1618
1621
3576
1653
4965
2949
0703
9401
4605
7291
2336
4415
9713
7525
7634
8354
8254
2894
9742
2687
9224
8984
4483
2562
3646
4700
6611
1178
7236
9468
7021
9712
4645
9276
3730
6753
1422
3094
5020
9236
2782
7422
1177
3095
5872
6613
2572
6900
3334
6691
6461
1586
5488
1099
2989
7357
4240
4105
9084
8218
5215
7340
6619
9398
1235
7221
5793
4848
8478
5645
9942
0896
4386
9662
0488
0738
1315
5369
5563
6212
9981
7723
8382
0446
2776
2203
2630
5001
9049
4544
0535
8597
1779
4384
8337
6302
8523
6482
4899
5256
1095
5906
3959
9787
1317
0639
3382
7261
6894
8396
0952
6884
8589
7586
5465
0109
7505
2802
3448
5537
7412
2416
9291
2878
4941
0630
7454
2726
8274
6103
2406
7104
8825
4654
6138
0552
3699
3009
8714
6237
1164
6822
6257
6291
1853
3905
5913
1351
9214
2267
2057
6165
7956
5263
9333
8701
7691
7410
4121
0275
7546
5765
9573
7299
5077
8089
7787
7350
6460
6988
2497
9906
9705
0650
8677
9260
4601
4650
5530
9826
9988
9120
4690
2567
0457
3429
3526
3220
0640
9636
8891
4977
9170
4510
9515
3839
1732
7871
0655
5940
1868
1086
3780
2003
4190
0591
9177
7117
9157
0515
3785
9908
8204
9349
2322
2147
9193
7068
2947
1767
4874
8686
7776
0807
3385
7239
0342
2737
5175
5689
4737
6926
9436
7326
7373
7869
5457
7918
6116
1704
8203
8327
5882
0476
1722
2468
5496
6851
0955
1600
2732
0147
4329
4811
1959
9102
4037
0088
7076
1697
7171
4968
6991
8138
2174
9612
8626
9302
5742
6255
4527
5572
5777
2105
2764
2898
3074
5102
5682
6811
6629
8994
7933
2363
8870
6373
1983
2474
5323
2756
3919
2093
3137
3457
2459
6689
6409
7049
2045
3562
5659
1515
3411
8414
8649
3410
3374
4652
2460
0205
1075
8867
3557
6026
0611
2022
2735
4144
1157
4588
7025
1364
1461
7811
8781
8015
2121
8558
7717
8822
9004
5229
5691
1144
0735
4559
2335
4951
2135
7849
3659
2789
8432
9464
8441
3251
9801
0316
5030
0936
6384
2248
4846
5553
6334
2881
0669
4565
2099
2551
0334
3438
6712
6751
9950
9081
0298
2172
0426
2144
9325
3989
6451
4723
3278
7822
0429
9319
3828
9285
9366
0521
3802
4755
7814
6586
6203
8043
7832
9701
8692
2008
5495
0997
5027
6035
1579
6326
4717
0312
0643
6880
9799
6589
8830
5957
2452
8883
0909
9140
7827
6094
0925
3963
6251
3361
5145
2919
0247
7993
9749
7819
3511
6803
6923
9235
8347
1366
7413
9270
5548
3081
7056
3555
8497
2674
1612
2470
7846
1325
2456
2458
7235
0919
6295
6444
7259
1050
6721
5792
3279
0850
9842
4507
3804
8986
5543
6663
0075
8590
9076
6386
0717
4726
4346
8418
9125
0511
1227
7059
9849
2658
5264
2281
0750
7383
1635
5095
6011
8246
7758
6922
2253
3685
8796
4898
4028
2552
7576
1628
1212
5968
6755
4546
3567
4260
7400
0751
9071
0657
9746
9491
4067
4763
0223
6440
3478
7601
1127
9287
8296
9745
2152
1338
0179
2325
8511
8740
7290
5467
6622
7707
0774
7762
9564
9423
3745
5868
7506
1801
5066
4889
1120
6288
0581
9611
6554
1627
0496
6126
7798
9511
2233
3231
4769
4888
9637
0061
1502
8153
3535
3732
7078
2415
7263
5333
6047
8761
6459
1399
7536
7618
4263
6897
1186
7248
4779
9036
4923
2186
9561
2333
7992
0453
3955
8344
7440
1573
8765
6271
9192
6764
7914
2620
4383
9044
9050
5105
3568
7516
9603
3469
3803
5195
0005
8185
9361
5458
3207
6139
5041
8018
7306
7705
0078
8002
5344
7521
2263
2357
9114
3792
7568
8778
2268
3814
8234
9675
1275
3005
4629
2901
4496
6797
7113
1672
7886
7032
1498
6808
1889
1035
4413
9540
9024
6044
0023
1629
9385
1395
3480
6360
7369
5277
6960
3738
5516
4707
2733
8073
7683
7143
8472
8400
5004
7841
0248
1100
6191
9158
1601
0550
0593
6148
2369
6838
6889
5253
3755
3464
2852
4626
2428
4201
2091
0745
0290
5267
9773
2212
4284
4002
4508
1500
0037
6392
8578
9715
8614
5222
7773
1931
8625
7728
5088
3525
5562
3076
4480
0929
7632
9651
9856
5100
8461
4134
2773
5182
6682
1648
2393
5221
6253
2578
3180
8487
6911
9754
4598
1064
2887
8334
2819
9311
0198
2984
8762
8755
3371
2431
4338
8346
3263
8745
5481
0602
8236
2778
3988
8189
1561
2126
5625
9807
4092
8499
6553
8468
2424
8048
6296
6940
1865
9717
2544
6135
8284
9006
2608
0398
1063
1630
5479
5789
2044
4627
5097
7804
1258
4106
5661
8797
9072
8638
8438
2030
2362
0304
2895
9331
6887
3995
1760
9369
8122
1037
1097
7445
5881
1152
9863
6856
1478
8886
4071
9394
2879
2254
0527
7947
1741
7998
2175
2617
4617
5960
7226
6311
5005
5265
8275
0376
0508
0860
4199
1796
7665
9381
3023
6454
3340
6664
3228
9844
7491
3878
4705
8074
6735
7083
6657
6905
7382
6913
6399
2702
2361
5373
0507
8485
0785
0167
9887
9346
6219
4522
5252
7547
2826
0914
0493
1010
6331
8641
5320
8259
8586
3663
2082
9456
9710
6865
0621
1747
4041
6059
4886
5936
2213
6852
6690
5474
9605
9113
1107
3857
1624
0007
3324
0730
3734
4954
2316
0665
7542
9916
6784
0499
1353
6023
7737
5721
0264
3587
2021
5595
0732
1394
5301
7888
1126
0580
7067
8841
7416
5714
9809
1725
7730
2026
4450
7652
7046
8245
5437
7148
0547
0060
5261
0945
6466
3788
0020
9945
3222
8286
0949
7201
9671
3907
0246
6659
1094
7042
4635
9411
3205
5482
9919
3153
6510
3421
0966
4827
9152
1999
8668
8667
3364
5618
0538
1145
0173
6092
5188
5711
1460
6644
4540
1283
6478
2835
9904
0068
0040
2327
0056
0780
4315
6410
8892
1858
8783
3459
6443
7999
0140
2834
6890
3998
4839
9106
6054
0522
4575
2366
8863
2775
9455
0828
1432
3599
4957
4810
4096
0145
4765
8618
7090
1488
3309
9552
3748
4513
4916
6848
0841
1958
0038
7377
4821
5198
3417
8859
0818
4432
6213
3575
5826
8436
4581
5355
1447
8055
6536
3025
9508
1166
7198
3106
0174
7211
0951
4404
0940
9098
7266
8896
5903
6099
9093
0668
0197
7990
7426
0406
5319
6768
2723
2368
4718
9881
5644
9604
8862
7823
9584
1457
4632
0709
1589
5992
0008
2055
3486
0474
6504
9055
0707
2166
9206
8869
4759
8258
5871
6428
8026
8580
9028
2218
8224
8927
7309
3051
3875
0816
9535
9772
8503
5452
0756
0889
9925
5829
5775
8945
3742
6470
0999
2829
8044
1962
2740
3152
7260
7376
9494
9505
4637
7207
2196
6551
6310
2934
6316
7098
7821
3004
4453
4249
5590
9864
8937
9156
5400
0974
6560
2830
4910
8767
3394
9299
1318
3201
3097
0757
4334
3858
4085
1699
3610
2355
8415
6403
2396
7766
8996
7637
2844
4406
7592
2808
9145
8659
8047
2384
3344
9416
7710
3760
2590
4307
2450
9493
9858
5853
6516
1768
4344
9155
6600
8481
9624
3911
0122
1829
0425
2806
1862
6362
8698
0405
6196
3707
5719
3910
3621
3660
3797
8557
5631
2440
9249
7820
3389
6430
9304
2025
7200
7389
2848
9200
2885
9415
6153
7784
4908
7657
6882
4885
6632
7898
9062
2840
6046
5808
0948
8406
5114
1361
0663
7043
1761
2066
6760
7753
6283
7531
7153
2040
1322
0257
6686
7870
1034
9129
1083
7794
0394
5895
6163
7139
4557
2427
0796
7272
7318
5930
4838
0545
3896
5651
1844
1135
6218
8389
8784
4363
1988
4826
8313
6533
9090
6761
9174
9119
8827
5094
0151
0808
1458
4696
0676
3163
6166
0365
4368
8705
4701
5928
5585
5950
7630
3926
3833
9392
5412
6944
2584
2951
4171
5591
5284
5551
1482
4868
4463
5209
8807
3898
2000
4528
0941
5976
6149
7616
8388
7082
5056
4452
0003
7945
0699
5210
1273
8534
3327
7917
9703
7511
8025
7741
2675
1185
9087
1777
1494
7565
2744
6877
5945
0570
3528
6208
1491
4613
1400
1558
0368
9567
6374
7019
8773
3214
5660
9037
1861
5431
8776
0396
4643
6928
5737
5031
1468
4995
8125
8702
1545
3591
5086
5599
0374
5844
3779
0790
5875
4712
1529
8646
0851
8231
1321
8057
4088
3933
1203
5956
3090
0569
2156
3235
1140
1756
8685
0503
3740
3056
2445
2758
6275
8486
4212
6637
9753
6198
1664
1749
6393
7144
8380
8787
1682
9689
1511
7535
1320
9091
1015
6190
2216
4157
6431
6965
7651
4857
5494
1893
5276
6078
6746
8366
9614
3638
1753
7301
9223
4675
1386
4589
6357
4955
4971
1029
4801
7559
9588
3642
7273
9323
6584
4474
0071
0063
1750
3123
5101
2282
1923
9342
2438
1963
4241
4932
5117
8775
5254
2751
0572
8966
9527
2227
8471
4900
7095
2013
3490
4686
4277
3333
6621
0775
7643
4082
3423
4985
1262
2680
1155
3093
3114
7275
4518
8031
4924
0529
0160
2904
7904
0284
5876
5782
0900
1854
8522
7348
7509
3363
7552
9687
8168
4509
6853
5726
6875
0278
2421
2961
8536
2226
8507
4175
6667
1043
7721
9892
1216
4972
0726
5778
7685
0381
5083
2112
0276
5909
5743
0359
8082
0189
6565
7463
8656
0930
5443
7120
0555
4667
1030
3261
5752
6757
9144
0335
0452
0125
5492
0448
9985
8308
2210
2455
3238
6931
4019
4775
5675
2287
0821
5000
9178
5244
8814
2318
9930
9351
0576
7633
9993
1324
2193
1006
8564
5393
4211
9954
0216
7062
4030
2095
9181
7127
2679
9408
9706
4804
0252
4222
5893
1201
0881
2185
9627
6075
4530
7116
4554
9815
0213
6232
5414
6608
5385
3053
3735
0686
3450
9592
4476
1909
4927
7409
9548
3308
1462
3441
6204
0537
1480
7597
9197
9356
5861
7764
0414
5684
1241
7107
0921
1888
0773
0447
7977
9429
7826
3692
8774
5757
8023
3592
4084
6590
3908
8293
4208
9785
5641
3808
4915
7955
8190
8198
7549
1918
8772
0861
2695
1047
3494
8991
6641
4621
0214
9252
7152
7986
4350
7457
4353
6677
5630
9725
6369
0424
9196
0518
2914
5674
2484
2132
8967
2924
5084
7447
8893
0874
4523
2537
9900
2120
0041
2264
2846
3572
9183
0605
0642
9686
9902
8440
5213
3184
5206
6093
6293
0904
7825
1949
4375
8647
3717
8316
6227
7692
9510
5949
7034
6930
8266
5450
0884
6013
5352
8872
7863
0287
9867
2278
3398
4764
2315
6201
3679
1902
4093
3286
6413
5227
6433
1391
9160
7698
7744
1406
0030
6620
3953
0423
8008
3645
5597
5634
0027
2982
8166
3049
5911
7331
1566
4152
0551
0764
4220
2411
9031
1442
8843
7964
5416
5387
1970
3706
3126
5831
6687
7684
7858
8565
0120
8759
7943
9642
8208
0739
6450
9974
9453