1212
2011
6721
5147
8669
8199
1350
9155
7566
4072
3119
1813
7956
8296
6911
4568
6859
0216
4985
6593
0223
5912
6264
8482
4618
0883
9586
1255
4638
4121
6665
9467
4409
2785
4117
5776
7370
3649
8413
9809
4788
8414
0071
0322
4054
8642
2266
4544
6694
3840
5227
6654
6903
1423
0021
1114
8439
7159
8479
9411
1347
0375
0591
1679
6866
6849
5754
5893
8964
1899
9352
8426
7260
2387
3926
9365
3227
5735
4092
5052
2914
1720
5405
1376
0544
7487
9479
9895
8878
9906
9265
7245
4489
3079
7909
1494
1128
1369
1737
2331
6569
3664
0141
9160
7412
1700
8749
6158
6702
6860
7918
6852
2442
9021
2086
5089
8430
8012
5518
6798
0728
1465
6152
7579
0521
3017
6504
7508
5789
9573
0639
7910
5675
8941
7637
6241
5835
0688
6637
7669
9853
1915
1530
6767
4852
5085
2884
6519
6335
9958
7988
5029
6189
7155
5546
2656
8454
8225
3126
8047
2147
0084
2968
2482
4530
2610
8569
3433
7181
4670
8936
3943
9125
4444
0285
6139
0364
2237
1433
8783
2997
4844
4096
4904
7055
9603
1880
3980
1610
5119
8992
4508
3668
9459
4962
2169
3982
7453
7598
1145
4043
7111
9192
1153
2965
0233
5477
8521
8654
0120
1504
9273
0151
0555
8507
3077
0029
0148
8658
0112
1322
1991
7465
5644
6817
3543
9610
5945
3476
8796
4577
8973
3964
3805
9216
8771
9908
8561
0796
1854
4240
5946
2659
1740
9662
6117
4943
8201
3182
7752
2372
2791
0758
2626
0563
4923
8429
3332
8761
2122
4421
5619
4325
5242
4356
1468
5552
7498
7675
6210
7799
4046
0797
2326
2575
1907
3152
5815
9932
7017
4494
9338
1875
9762
6455
8911
2379
3732
6703
3149
0736
1695
4828
9867
2143
4582
5061
9291
0013
8866
0719
7024
7705
7751
3076
6042
0628
4721
4630
6384
6585
6936
9480
1762
3183
6290
6418
8998
4292
0176
3368
9178
9711
2938
4367
4082
7144
8401
5783
0201
5376
5811
6689
1595
4353
6228
9679
9839
0630
2517
2273
7771
7413
9092
0388
5368
1587
7696
4142
1785
8778
7316
6253
7724
3724
5363
0985
0057
5110
2693
0131
8155
6777
5215
8818
1279
9486
5184
8663
4088
4300
4323
2033
2959
3912
7448
3659
8586
9977
6993
6726
6255
7880
5682
8433
4658
0380
2189
2789
4428
4474
8483
7315
6646
6566
6151
2242
2109
0969
1105
7002
2747
0747
3309
1442
1100
9686
9964
2182
6314
7760
9726
2981
9651
9691
2090
1603
2327
6757
4855
5874
5160
0266
9622
2778
6555
7284
3915
2975
0265
7823
2983
7189
1783
6201
9728
6759
3524
4480
1402
0295
0301
4340
9870
1236
1291
3014
5549
0315
6017
6556
7522
7923
4936
4995
0949
7933
5768
1713
5222
7715
4802
9013
9082
1536
8311
4585
3059
3959
0590
4607
7374
1460
4448
3863
5663
0252
4564
5679
0918
3117
3164
6630
3680
6893
5232
2560
1352
6796
0357
8041
5742
8618
9032
9098
9724
2119
8907
0106
1688
0831
1034
6390
0472
7186
9450
4520
0713
2570
8741
4412
5692
5226
9124
1493
7876
5293
8419
0156
4431
4149
4459
5677
7712
7059
4623
3756
8063
5454
7069
8708
3418
6424
6980
8468
0940
8895
7355
8391
7661
1294
1264
8455
7163
0258
4017
7368
3661
3261
6820
5432
9967
7350
1434
3275
8850
7688
1654
1594
8732
3376
9038
6386
0983
0642
1098
3205
3350
0186
1904
2603
2775
9914
8117
2329
6802
2798
8487
2178
0540
7222
7583
8986
4287
3221
2514
7151
7304
5736
9760
3370
9485
4084
2502
1039
5641
6771
8332
4869
2079
5201
3938
1133
3455
9378
0217
1498
3255
1161
2718
2765
2880
1101
5896
2816
3303
8167
5650
0924
9377
2781
7000
7273
0165
6816
8000
2277
7503
5516
6501
6877
4069
8379
5927
8560
8966
0869
9044
7765
5651
1792
8872
4405
7473
6326
0149
4725
9540
8370
0816
2605
5444
0115
0808
2566
3604
1524
8346
6444
8673
0770
4306
6691
1134
1320
2322
7722
1439
1937
5256
7076
1464
4396
5710
0804
1736
8766
5446
5121
2574
0046
2345
5605
2261
9064
9945
9211
4688
5807
2284
8519
3130
3426
3371
9393
4929
5933
0343
6769
5350
6853
9087
9271
0645
7416
7506
7718
0754
8372
4675
0424
8744
4258
7967
7122
1002
6196
2820
9773
4521
7532
8425
7482
1353
9204
9275
7595
7349
0260
1881
4878
0480
6009
6303
0720
2053
9666
9282
8988
0701
1304
0053
4635
7501
2078
7624
5421
2013
4731
3277
7737
2569
1955
1108
8175
4833
3251
4385
8660
3009
1054
1131
4276
7684
5236
5402
6318
3612
9989
8552
0706
8094
6273
8035
9688
0691
1357
3113
5199
6657
7812
2468
3456
4685
0929
2309
2994
8706
7299
7317
1619
1843
3226
3777
0211
9004
4286
5412
5704
8244
7158
5361
0781
8083
7408
7582
9159
1573
8156
2899
2449
4124
8666
5065
0597
1917
6306
5592
4192
1905
9096
8942
9569
2822
5218
4780
7441
3872
8825
1490
4514
7252
1173
5374
1733
5832
4960
8122
9194
0615
8173
9595
2487
6635
6420
5435
8870
0972
1139
9770
9104
4831
0491
1176
7534
5541
9340
5448
6304
6712
9858
9279
5377
0531
7098
7660
7499
2759
6592
8583
4952
8517
6941
5439
9343
6029
2459
3749
9593
6095
4668
3690
8722
0545
2807
1828
6818
3591
7004
9037
2658
8948
2034
2158
0840
5814
1010
8840
0391
9188
7947
6332
8120
4278
0912
2670
7037
3179
3156
3032
3195
6922
4534
1585
5072
7783
1831
9523
1417
8896
7914
6364
4382
5510
7832
5931
3625
2091
5022
1070
8862
1445
3095
8478
0308
2383
6710
8136
5904
8452
2503
5124
1373
8276
2893
9683
6322
3175
9703
4661
2441
7903
9956
5915
1377
4842
5829
3858
7985
0117
7576
0054
5907
5698
0930
7768
8087
2813
3265
8366
2176
9864
6979
8921
1038
1223
2256
6629
8599
9244
0027
3143
3548
3905
1143
3222
7686
7153
7551
3733
9267
8867
0064
5174
0518
9550
2547
8860
3521
8545
8615
0210
4045
0164
2657
1641
7830
7198
3998
6353
8013
0145
0580
8634
1782
1909
8026
1525
8313
9103
8365
5559
6113
4151
0896
0447
4289
1857
0587
6579
7851
6810
6503
2071
1067
1841
4762
1407
6938
8659
0542
0537
2156
2278
8769
0532
8082
3335
6449
1009
9156
8449
3161
5332
1503
3325
3779
7168
0143
9887
3517
6060
7850
3448
4951
5831
4453
3006
5148
1166
8540
9581
6937
6545
7672
9439
2797
9133
8930
4659
2926
4164
0415
3747
2032
6666
4372
8898
3392
1326
4145
7399
5367
3185
9270
5617
6193
4555
4898
6873
5495
5460
1119
0274
1924
2645
2281
5057
8721
0508
3091
5259
1089
1918
2385
3167
4311
9115
0065
9920
4053
3064
9248
6791
8892
0348
5237
3731
8198
8880
5750
5107
8161
8868
4619
8282
2058
0287
5894
3061
4227
2488
3204
5977
0505
3776
6393
0887
8588
8255
7197
6359
9208
7673
5708
9210
5686
7857
4334
5646
8197
5345
3901
8928
6278
4277
7927
8357
0828
5008
4188
1088
9284
0874
1001
6165
3125
6532
4479
2999
1050
2950
4384
3774
1012
0779
1238
5190
1853
7807
9357
9166
4846
7290
9786
1361
1175
3459
0740
2205
0970
6678
1892
9969
2447
9834
4309
9800
2068
5179
6328
0188
0138
0936
3718
4317
6596
9287
7259
5805
0915
2719
7093
8682
7805
6540
6239
6409
6541
2428
8369
9882
1777
5635
6133
3086
7596
9147
4135
4339
1956
1889
5979
9630
4613
3133
7385
2552
3566
1378
0753
8169
0373
3852
1643
7621
0813
0782
9428
5404
3611
8979
2687
8734
1565
3847
6544
1647
1385
6071
3688
5048
5255
5521
0418
2525
8400
3891
1886
8920
9107
4003
7361
0034
2194
2982
4057
7488
0283
5456
5816
9383
3101
8814
2360
2903
8028
7702
8118
6199
3081
9255
2879
8542
2342
3647
9999
4767
8956
9356
5881
2035
4955
6300
2912
5114
1982
8509
9526
5597
1510
8800
8594
7431
2616
8993
9202
3037
6574
9633
1071
3092
7104
2009
3098
9029
2764
7943
1055
8873
4482
6497
2407
2302
2160
1976
2953
3522
9123
0016
6552
2615
3319
9506
3127
7560
6250
2684
3542
4061
3428
0694
9078
7257
0251
2005
9307
0342
2020
4569
9005
8677
5186
5837
8627
5231
8011
2565
3631
1728
2388
3936
4793
2527
2202
1239
1820
1749
6474
7741
5774
1744
9493
1307
3990
4533
4789
1507
5867
7788
7648
0011
0867
9901
1110
4891
9153
4547
6327
5465
1665
0059
1666
9100
4009
3244
6651
4660
5683
8903
1276
4707
7938
1014
3771
5818
1389
4897
2359
0033
0592
3884
4004
5146
1983
9988
9528
7387
4493
1321
4694
0309
4198
8762
9406
0340
5697
6896
8353
6392
3570
3151
1091
6711
1996
2976
5914
3298
9620
8262
2393
2611
0733
7047
1477
8499
1472
1589
9076
6019
8603
4698
3280
3896
3229
5005
3587
8427
0177
2589
3802
2087
6153
4402
1404
3553
5162
1755
3295
6440
7695
0564
2007
6973
7048
7160
1174
3088
9880
7643
7925
7463
9755
5975
4467
9681
5922
7072
7890
8808
3270
7038
2594
0019
1652
4400
6059
2722
9602
0018
2644
7327
2862
2316
6843
8015
3447
2896
4999
1399
9460
5764
6142
2493
1129
3634
3727
9587
6858
0197
4840
5117
7202
7954
4903
6170
9720
3304
9039
1476
1043
4622
7692
2826
8935
2070
0222
6114
8349
7103
7268
1941
6000
9957
3877
7404
9608
9803
8707
5984
6523
9591
1884
5657
0271
4832
1574
0169
9998
5944
5323
2707
6699
4350
4827
6644
7835
6734
9392
3494
0851
4100
5688
6743
8227
9492
3503
9821
7982
5491
6437
3974
6548
7303
7426
7842
2825
1444
9241
6374
1337
1278
4745
7588
2074
4552
5531
9471
5639
3677
7796
1342
1218
3918
6564
8436
4652
9764
9327
2190
7384
9438
1604
0272
9704
8387
8610
8007
7957
2235
5185
2490
9303
3228
6194
6067
5317
7338
7174
3237
6669
6232
0463
3646
7187
8770
5860
6953
8743
2630
6675
4561
7843
7421
8704
4366
0560
9168
5728
4301
2460
6981
9413
4906
3798
3324
7789
0939
8166
0819
9643
5264
2588
8338
5797
4231
1006
8853
5390
3188
4742
1687
4269
5417
0993
0979
9570
4605
7310
4734
7614
6600
6920
6997
7195
2254
5687
2243
9318
7022
8304
9220
6466
4586
1149
3937
0081
0529
9536
9253
5320
5125
0362
4214
0673
4354
0958
2957
2470
8841
4848
4713
4822
4173
4346
5427
7651
0910
0933
8786
5084
3192
5452
4662
7602
5828
0030
1877
8864
7808
8384
4485
0683
2408
5603
0774
0885
5800
7966
9879
2031
3748
4548
3344
6672
1327
8067
0762
1319
5948
9390
1275
1999
2832
5753
6272
0101
3520
9386
1704
1398
2265
9615
0127
4008
7009
6204
2137
3034
0989
4211
0550
0047
7157
0181
3904
8202
5079
3160
9167
3972
3305
6595
3903
1671
2185
7795
5856
7847
2203
5140
1482
9788
7434
7354
7297
4664
2651
3701
5395
7095
8252
1283
5808
7287
9984
8142
0208
6131
1546
4640
1645
0777
6287
8925
2269
2523
8116
9097
1766
3975
1860
6257
0144
2971
1833
0379
3552
3882
5356
1835
0109
0668
6775
2028
3608
8537
5770
7230
9815
2096
7025
9050
8229
0461
8838
6897
8284
9403
3976
5957
9782
9827
6869
2743
7452
2180
3106
3285
6160
7101
9437
1474
0763
5989
0495
5080
9894
8381
9177
8029
6104
4918
2777
2452
7247
7471
5618
3110
1639
7218
9829
6499
5982
6846
3705
6438
6894
9656
0329
9751
4513
3253
5513
9949
3154
1612
5598
6026
0036
3532
5863
1411
9504
2287
8393
3807
3846
1151
1462
3286
3927
7773
5285
1004
2264
3493
0448
1428
7639
3346
6728
1809
7001
7251
3096
9661
7208
0607
4879
7529
1771
8779
1397
2973
7085
8712
1865
9333
2935
7620
5342
2116
2632
2040
9850
5341
5062
1933
3594
4763
2662
8443
9546
1898
1900
4433
6974
3921
9407
2303
2472
9122
1268
4919
0999
9825
6105
9736
4825
6634
7200
0559
1953
5667
9898
8999
5883
4028
0091
0250
3887
1479
5846
6370
5050
4358
4972
1300
7790
2123
7302
4438
9953
5869
3643
4048
5165
5010
0107
7628
1127
5056
1447
8607
1593
6571
9621
5267
7141
4014
6856
7713
9474
0785
3739
0479
3431
2491
3616
1123
3868
0051
5396
2210
4594
4417
5156
2952
9855
7052
6895
6914
4245
4070
0627
0077
4422
7689
5291
7871
5970
3005
8021
8995
5875
1607
1265
1916
6076
9654
0641
4165
5991
3960
4370
9418
0323
7213
6717
4959
3640
5189
8446
6871
0404
6049
9495
0311
3351
4557
6624
6218
9566
3486
8954
4368
1449
0129
3831
9775
7410
5295
9717
1074
5223
8901
1396
7003
9862
3958
2767
2558
0393
5855
1887
4001
5208
7139
8503
7641
7381
6970
0313
1029
7999
4411
0967
6286
8695
5703
1045
5520
3560
7858
9379
4326
5041
2652
1805
9812
6237
7531
5937
0954
3016
4407
8298
8470
9249
8530
1430
7577
9387
9447
6236
6343
8913
8322
0097
4005
4798
9996
0032
5690
2280
6687
8260
4930
2631
5305
3423
8693
8206
8926
8218
4759
5578
4063
7285
9174
6481
5013
6072
7428
1346
7132
9330
2154
5718
9905
6905
2457
2734
0193
1563
0041
8367
1980
3469
5640
0374
8310
6212
7528
9223
6234
1267
2837
5627
7827
4908
2958
9036
1794
1483
7970
0791
6369
3361
0387
5897
1691
2343
1727
3462
6464
7450
3597
2057
9186
6077
3826
3402
3822
0291
2285
1436
5969
4988
3398
9385
4062
4105
5864
2018
3288
1846
6263
5127
6996
1526
8376
9213
1981
0676
7678
6955
8273
0408
2208
3839
9817
6639
6491
9840
7802
2219
7056
9313
1986
2690
8972
1758
2846
1120
1429
9235
1328
6667
4187
9844
9466
8884
8958
4477
5719
1876
6147
0412
4786
5763
9531
1015
3329
7249
9833
2550
3911
3186
5214
0010
4732
9954
5393
1812
2088
6921
0043
7016
0943
7863
8131
9649
4395
9644
2395
1383
3197
7231
9518
5283
6405
1306
8645
6744
3866
0436
6533
5187
3720
3002
1286
6522
3386
6530
7627
4361
9549
5327
6045
4374
6352
0242
9349
2980
6378
2328
3015
4726
4532
8810
7184
4980
3803
9737
0246
3796
6181
8760
8981
4455
8915
0536
3713
4961
6005
8319
3155
0646
1867
7563
6939
7949
0008
8910
3384
5391
1535
2186
1943
1597
5649
2668
5819
3190
1821
6055
6528
2586
3651
5163
4013
1554
6986
1484
2559
8061
8785
2901
9308
2214
7291
0881
4329
3318
3290
8970
1165
1368
1450
9011
9766
9814
3862
4824
7913
5664
1063
6431
6850
0290
6297
8657
4580
4853
4034
6388
3191
6476
3339
4225
4723
6207
0784
2649
5126
6488
3102
1099
6258
4714
3657
3729
3630
1566
9355
5525
4295
4220
8534
3663
7963
1349
4378
8553
2444
4922
6349
0830
3030
4251
6249
5164
6190
8126
4578
4410
2321
2908
9290
3573
0470
8640
7323
9071
1078
9972
7746
6854
9189
9747
2497
9520
1596
3691
9856
2927
3074
4601
4809
1409
6061
5661
5354
6727
3752
8877
9190
5793
2907
6070
1116
7378
8153
0921
9236
2715
5105
5729
4519
4194
3865
3838
1798
5409
4991
2421
5000
5746
6478
7053
7723
3557
4215
7714
7334
2112
1458
1712
1950
4371
4218
1427
2710
7610
3207
4193
0931
2268
4364
4435
4492
5359
2251
6536
0950
5504
1683
4125
7964
2638
7336
4376
9636
9116
0625
2970
8514
5290
1251
3666
8755
3516
3584
3671
0790
0427
3158
9671
4170
5911
3240
5751
5284
6313
3737
6452
7886
9442
0042
1030
4362
7866
3355
0766
1446
5135
8088
6227
1608
5576
3446
4863
8134
5668
3993
5671
6626
3347
2671
6561
0567
7860
2667
4146
6223
3170
9781
9841
8886
1549
1848
4185
1303
1332
2305
8354
3828
7439
7663
7820
9144
6051
0886
5433
7521
5064
8404
9453
3121
2163
6838
0281
2319
3874
4206
7276
7622
0793
9698
1338
3247
5622
8068
8461
0289
2608
3380
4488
6121
9332
6493
0827
3458
5167
3687
9616
3867
9017
0953
8629
8772
3590
8806
1092
7945
5364
6747
2276
3104
4775
8891
2332
2017
2340
1653
7220
0276
5487
0602
9020
5777
0372
5301
1076
6954
1698
6394
6965
6638
0024
8378
1859
4758
0132
0241
2097
3797
4098
8980
8027
7075
1706
3312
2733
7975
2207
5081
2967
7063
3048
8675
8775
2397
1237
0716
5074
8416
6184
7322
5352
2135
9719
4234
9121
0535
0234
1488
1960
2653
7464
4686
5909
5415
4911
9080
0317
1731
6381
4217
6604
0489
6324
1827
4018
7074
5096
8111
2371
5220
3833
6534
1651
7162
9868
3210
9805
1567
7720
5866
2930
1537
2852
0488
2821
3410
3932
7554
3215
9811
6309
1699
6357
1823
5206
2117
6116
0428
1421
7884
6538
5749
0204
8960
2073
0695
7356
4611
7270
2650
0365
7538
9027
9664
4083
4315
6915
0909
0814
7556
3832
3941
0994
0768
3511
5287
8737
2494
1471
2612
9994
9091
7474
5630
1677
2766
3909
7293
5551
7511
7801
9539
6038
8651
8505
8220
0773
5012
7407
7916
8101
3850
6150
4079
8288
6584
0179
6161
7769
8222
1673
3435
9131
7612
0434
4629
4887
9399
0414
8336
6174
9715
0729
5059
1084
9182
6429
7776
6729
3225
8003
9143
0235
7691
0792
9912
1623
4805
6415
1962
3636
2263
2949
5674
3260
6252
6411
3142
4244
9394
0710
9869
8990
0787
2726
1906
8195
6254
2917
1207
3047
4324
1528
2435
7313
3819
8606
9628
3097
9435
7207
4260
3577
0692
6719
6539
2830
4771
0807
3973
5120
0292
2339
0385
3929
3883
4406
7711
0110
1751
8050
7921
9966
3907
7785
2984
8632
3440
5973
0769
0661
0655
9222
6356
9847
3893
9372
5483
4141
2351
5134
5701
3994
3393
6122
1441
3823
4208
7859
3906
1569
7666
0578
9463
1808
6404
5594
8396
9323
1297
2170
3367
3719
7917
0996
3966
6443
6668
0577
9396
5115
8305
8184
8358
0226
2705
8186
7500
9499
4025
6365
7486
6375
0916
9744
1658
0275
5166
5073
9627
7759
2036
8625
0474
4055
8085
5316
0565
0338
8805
1252
3065
0465
6088
7240
7502
9973
2030
0432
2990
0199
1205
1061
1672
7217
2664
6723
2809
9065
1077
3024
6649
2780
9702
8030
5224
7266
4696
1489
0327
2023
9607
4304
0908
8604
4783
9709
2898
1726
1386
3472
7371
9783
2796
1872
9045
9792
8303
5882
7855
3348
5928
1818
7479
0741
4345
5401
7877
3063
8048
1351
6098
2025
4071
1732
3632
3000
3728
4450
2845
9576
0680
6984
3181
0767
4263
9663
1578
9288
3601
4056
5941
1984
8555
9714
0552
6291
0837
6310
5959
4040
4341
5638
6825
7777
2043
9057
7875
3746
3620
9948
9118
3056
6486
8506
5769
8043
1954
3595
8827
6559
1669
2483
1632
8613
1971
8494
3278
0609
5995
3674
5389
2297
6319
0366
2446
6793
8390
4625
1228
3217
6345
1685
7282
8536
9676
3394
3169
0821
1348
5478
7824
9738
4445
2471
6648
5172
3460
0074
0049
0062
6289
0888
6308
5472
5756
7505
6410
8265
5092
0530
7779
6961
2961
9423
7023
4186
5571
1678
7340
0484
5383
5759
9228
0240
6527
8856
0237
7265
9185
5804
6081
2518
9374
2161
4768
4689
7940
1461
5539
2934
2540
4581
9758
5702
0802
8967
3763
4913
4458
4123
2417
0601
5077
2806
3468
8038
0693
1910
1017
2803
0058
1115
3358
4030
4302
4712
5615
2534
3741
7493
5407
9585
0977
8355
3321
1394
4784
7655
0644
9491
2244
3289
8435
9832
1370
9110
7348
4907
8340
7015
0063
9640
3824
6028
6325
5091
7215
0118
7116
8922
8906
6776
8289
5071
4119
2415
1863
0137
8306
4976
4591
9099
2323
9069
5723
0363
8754
1487
1177
0582
6224
1951
7891
1517
2696
8467
1570
8291
6778
2047
2450
7429
4397
4229
8939
1315
1842
9180
1890
2389
7403
1657
0554
4322
5695
3120
7274
4068
3498
1495
7242
6265
9725
5781
1895
4254
4140
3619
9731
8099
6855
9647
2568
7138
9753
4282
6790
8245
0800
1795
3942
5248
1633
2002
8107
6495
3466
4910
6583
6514
4971
8102
1968
2621
8233
3166
6900
1496
2894
7367
1601
4524
0618
7553
3638
4526
1112
8385
7972
5023
2827
8321
3105
1220
8327
8018
2669
6829
9787
1196
0123
9916
2595
5906
2475
7837
0818
6932
9769
8697
2857
4545
1160
1410
2411
1158
3176
7542
0705
9285
0509
5445
6963
5643
5311
0635
8881
0121
7902
8777
0056
5449
5773
6551
0759
0284
2289
4285
8692
6498
8671
9802
5579
1171
5999
8963
6879
6878
3810
7905
5802
5303
5129
0125
4835
3212
2864
7414
6832
7090
0652
1316
2919
9712
3327
1179
7636
8735
1416
2774
3320
2712
8855
9227
8799
5712
3751
1048
9946
5694
5212
0987
5132
3416
0838
8406
1817
0038
1730
2753
5607
9646
3978
4837
8103
4615
9337
4560
9592
2432
1341
4958
6578
6814
5803
0520
3450
6933
7424
3669
9304
9926
2353
4692
8820
6991
5561
0249
8285
3010
9713
3787
6244
8290
9139
7564
2129
1773
2629
5235
5899
8250
0458
3178
2427
3711
6012
1358
0499
9251
4621
0453
9277
8133
2925
3307
3108
5159
2337
9865
5371
6154
6203
8281
1938
3856
5916
8127
2496
5963
3213
6085
3586
0232
5898
0632
1197
9970
5137
6851
4945
4628
7979
2509
5660
2085
6589
1113
1147
6784
4946
6876
9440
6929
6269
6054
2508
0076
7042
2257
7417
5054
8729
6837
0473
0568
7325
3153
8646
6839
6132
8374
7123
4248
2839
9058
3540
0679
8577
8784
7280
1438
2909
2601
3470
6373
3618
7971
2993
4928
1921
2198
9861
6413
0934
4427
9448
1761
3571
0044
1005
0417
1086
4801
8054
5758
6159
7253
4139
2474
5411
0085
3502
3550
0358
8440
3267
7931
9233
7590
6406
7046
9022
7419
9243
9716
4190
4779
4674
5590
7099
2236
6063
4158
4390
2885
5429
0278
2596
0189
0492
7377
1082
6024
1432
4037
2867
7286
0715
3363
5648
0410
3257
8141
9774
4152
4415
5349
6362
6658
4456
6524
0163
3836
2346
3535
2526
4093
7904
9257
4249
4964
1556
1888
5745
5705
9859
9645
7254
3814
7569
9278
5958
8811
4803
8114
9532
5655
4701
7698
2732
0743
4826
1360
8798
5978
8691
3635
9561
9276
9927
0263
2213
4744
8976
8678
1746
1913
8112
3644
5037
2378
2881
9457
1281
3337
9884
7011
3374
4097
7690
7697
5197
7292
4111
4889
4867
3537
6972
8611
6987
9883
9002
4387
4770
7634
3558
7062
8389
2063
5838
9487
0119
5182
0468
3642
8572
4298
5481
2218
9477
9317
2249
8739
0367
9146
5544
5765
1557
8324
5296
4850
5486
1096
6451
1391
3495
4115
2760
7321
4816
7726
4565
0286
5960
2124
5535
0836
4807
8975
3622
3073
7454
8765
8237
9382
4038
9014
6163
2531
4921
9842
0220
7427
3395
6947
6062
8563
9456
6801
5534
1661
3772
8914
8679
3413
5330
9094
9572
6001
7030
9026
0871
2402
3890
3259
7809
6256
5239
5309
9732
8182
1650
6502
6864
7091
9795
8106
5934
8447
7862
2404
3702
2688
3296
2438
7517
0947
2440
4792
7295
0310
9639
3766
4074
5318
2238
5511
3140
6560
5591
9380
3252
5178
8854
2771
5560
9214
3230
7119
7730
6906
5582
3565
3461
1919
6494
3725
1655
4860
6035
3760
4794
0370
7995
1974
4766
7836
2212
1580
0964
3645
8040
8231
7205
6419
5599
8302
7425
2197
9373
3854
9328
8277
0527
5798
0444
3786
7520
7939
9061
2673
2041
7653
6887
3235
7738
8148
1985
9309
3310
0907
1380
0557
1189
2126
3421
9217
3722
5430
6037
5786
8593
4076
1154
7758
2301
6621
5410
6611
9723
0919
4010
0927
8491
0687
3536
2292
3806
6696
3830
4328
5524
4059
7145
9070
4226
0438
8444
0700
8846
9707
6248
1625
4236
4401
2196
2344
4181
0224
2245
8758
0401
4478
6641
0612
2341
7786
2537
8176
7728
9735
1180
5009
5379
0902
3648
3583
7626
9326
3551
7813
2191
2641
3605
8272
0435
6660
8361
9334
7467
9617
1944
9599
9015
1184
4691
8609
0154
2467
6841
8790
9117
4023
7133
0390
5400
3782
6446
3816
6247
5557
7513
6407
3987
6270
4517
8957
0616
2795
1260
1094
3294
8701
0749
3465
2548
1936
1942
5950
7191
6391
2772
7057
9797
0579
0911
3672
4761
8109
8716
7010
7167
8861
9635
0212
6468
9739
1545
9652
1797
3769
4000
4486
6458
6176
7176
1499
9678
0264
5532
5347
9669
9959
4756
8476
3039
6951
9548
8301
9742
3165
5716
7243
7968
8119
3603
9283
5344
6216
9903
8137
5038
0142
2231
4086
7364
8359
8681
6608
4191
9209
9583
9060
3031
3873
8635
3144
5854
8597
9525
1911
0900
7049
0866
0980
6459
0088
0903
9618
7006
1806
4512
5887
0538
6292
4122
5093
3021
9263
2114
3027
4169
4389
2941
1997
1711
9134
5506
0789
3414
2947
1191
9674
0901
3438
4609
9757
4222
8894
3004
6890
3330
7396
7981
5343
6097
1522
0050
3490
2924
7244
1717
7449
0150
6425
8538
5200
9650
5028
7885
8193
4563
6978
7459
4836
8578
5929
6643
3834
5747
4466
2940
9597
6134
6620
3069
0136
2405
8341
3513
5230
8751
3721
3995
0870
8585
5755
6266
1035
0765
3111
3054
0809
6321
9342
8307
7029
8080
6053
5903
2580
7920
9126
8508
6002
2542
1930
1764
3726
8579
5678
4777
0469
2739
0449
1081
8991
2232
4600
8055
4900
8064
8497
7235
1390
3437
4184
3492
9047
4986
5450
5302
5873
2206
0166
0481
8337
0039
4419
9281
5069
3405
0593
1624
1440
4476
5680
8821
9019
9305
3283
8557
2695
6422
6761
2224
8344
9929
6971
6041
8934
3331
8546
0349
9498
5453
7518
4947
8582
1810
2315
9427
0277
2465
2578
5322
6188
2918
0045
2504
2464
2314
0860
3919
8727
1686
7481
3449
9975
6347
7013
0386
7051
3708
3989
4996
9031
4067
5210
6898
5725
7504
0126
2856
8465
7227
5626
8952
7762
5476
5202
2437
9376
0817
7932
8001
8271
5738
3281
4230
4207
1124
3534
6171
8095
1388
7007
4529
1270
2675
2228
3107
3582
8874
2052
7078
6329
3885
0213
3354
6576
5253
3292
9963
7008
1456
0558
3589
5312
8544
5194
2062
9997
8978
3415
0269
5229
0803
1801
8984
4500
8710
8647
4882
5480
5225
3598
6758
7853
2055
4977
7682
6554
5654
5625
8316
1256
8172
5634
5385
4509
9145
5058
9231
2833
0858
9302
3436
0100
0745
5076
5339
8562
9500
5533
9196
2585
4167
3038
6627
8188
4180
7203
3730
7131
5151
4695
4241
4021
3219
0282
4559
8219
8014
7657
5053
5849
7864
1042
7524
1245
6883
4373
6367
3383
4420
3159
4595
3022
9170
0697
0389
1310
5334
2991
6966
2324
2159
0134
6783
9001
1371
1993
3391
4785
0875
1140
3518
3483
9370
4753
0205
8639
2955
2870
4267
1576
6124
3248
2567
2679
2320
3969
9836
4589
5684
3419
5158
9824
0780
2727
5823
4290
7281
5585
1137
3128
1073
5918
6205
6492
7732
2356
0005
2179
3343
0798
0966
3633
7096
5706
3965
5917
1748
8315
4987
5469
6962
7742
4159
6625
2691
6472
9429
6812
1188
3271
6020
0932
5183
6826
2466
3815
9601
5416
9579
6724
8699
2102
2799
6341
1374
6094
9777
4679
3736
3954
7772
4874
2701
6617
5408
7668
3122
6513
9184
5653
3099
3050
4041
2166
4571
0522
9692
9172
9240
8235
6274
1111
8031
6622
2513
2946
3300
8330
9444
2413
4108
9458
2003
1052
8058
8720
2095
4137
1365
5923
3028
4672
6677
8471
5593
4113
1538
6402
0452
2969
2477
6034
8424
3707
6892
9993
7541
2663
0178
6018
9538
2349
5976
7172
6737
9899
2445
5919
2871
9289
3697
1263
7117
2499
4676
6342
7774
9161
3527
8192
9896
6014
0724
2134
8042
3233
0572
5967
9934
4841
5398
8200
2368
4375
0139
9851
5711
4881
2995
5431
0090
8129
0334
0725
5040
8638
3506
8598
5145
0153
6680
2274
5666
6229
3135
3658
7767
1668
8714
9086
3564
8917
6950
3317
5015
9933
0482
5136
9446
3818
4706
4250
7893
4892
1561
0238
0548
6215
6762
1663
1869
0894
5426
2943
3706
8518
4075
3876
6550
4624
0297
1481
4724
0975
4243
0722
8335
3224
6100
8078
1302
9043
0371
5558
1779
6048
3977
2436
8996
6713
7868
8696
9961
4399
2729
7608
6740
8858
6213
6197
3467
1807
3216
9985
7856
5775
5812
8326
7352
3684
2849
0822
7670
8983
1181
1757
7599
4800
3588
8395
2181
3988
7965
7838
1135
6885
9095
1763
9473
3695
2376
6693
4754
7665
2847
0000
1793
2458
5269
3569
1459
1926
7246
9239
4562
0666
6465
2279
1109
2300
7816
2579
6807
3933
2016
8764
8093
5243
2111
9619
4036
4160
9247
8074
9545
9875
9354
7593
0581
6439
7775
8795
7507
1693
9502
0035
2942
3952
3172
7754
2515
9093
1856
6706
2105
2564
5936
6785
8096
1334
6670
2654
2454
9519
9843
2636
2787
9813
7033
0561
8052
6382
2800
8801
9718
1562
4065
3910
2039
3792
8705
4418
7635
8243
7201
7996
4090
3093
4351
9351
8496
2573
3864
2498
9295
2728
3950
7883
4956
1325
5094
1292
6283
1056
1614
3404
8084
6615
8194
7834
5564
0456
6549
4751
3670
5529
2851
5876
5614
6294
9311
3453
2754
3268
2692
7815
6804
8600
2132
2145
2923
6191
1163
5425
6013
8168
3326
3232
4235
5847
4495
0195
5108
9331
1226
0099
1634
0160
4776
6284
8437
4228
3855
1448
0714
1318
3025
5423
0351
6572
9560
8558
1186
0221
5479
0984
5459
1221
2883
9767
2741
7445
2006
1273
6368
9553
0098
8124
5112
7803
0248
6214
9578
6115
5526
0599
0333
5333
2026
3784
0664
9171
7629
9111
0192
3845
0727
5155
1861
3103
7559
0012
5360
5087
7126
2599
0070
2628
7844
0539
9482
2661
6512
2956
9408
0095
8407
5130
7990
1560
7638
2519
0712
4430
5669
7600
8547
1083
5902
0946
1324
6293
9612
2960
0441
0718
2756
6389
3445
8150
8580
6157
1152
1845
7383
1885
2357
7040
1463
1243
3547
8185
3575
5530
5265
1190
0778
4506
9768
3660
7959
0108
9547
8501
0703
1505
3020
9910
8531
4377
6792
2420
2506
5974
2686
8620
8650
9837
7386
7562
3012
0682
1217
4239
5109
7845
8045
7018
1452
5780
9475
5505
5691
2333
7278
2433
7071
3578
2704
5474
0659
2530
6183
0986
7178
9012
0439
2150
3400
3200
4750
7331
5586
0978
6245
6760
5942
8847
4593
8918
5988
7907
4817
7852
0451
6281
0162
6423
6934
5722
7895
3501
5039
3812
2082
6594
4044
8570
9695
8472
2431
5494
9567
2500
0519
6120
5943
6348
7870
8742
1511
8480
2455
6960
0425
9416
9672
8248
0413
2149
8320
1274
8674
1213
1616
8006
7435
1575
5827
3637
2683
3497
3242
0576
4039
2505
6261
5139
5394
8022
0960
9983
2844
6336
0392
2555
1592
1183
2674
5857
6268
1819
3489
9743
4168
2463
1028
2576
9925
3735
3206
4144
3488
5990
0649
0255
0650
1882
5600
8405
6715
3454
1710
1988
4654
6700
6995
1214
4941
8879
1816
6518
6831
0198
0133
4953
6907
4050
3220
8851
9395
0677
4681
4570
3479
3683
9344
2199
3272
8268
8719
3628
2624
6899
9942
7549
3944
6904
5572
4573
3258
6484
3323
9658
2153
3390
3068
7283
1289
1947
5496
6599
4656
5821
6834
8092
3301
0072
5868
8051
3356
0606
2944
9729
2622
4150
9508
5250
5637
5484
2255
6200
8869
5801
0891
5877
1047
9541
5633
4127
1016
4107
8477
3189
2299
5515
8246
7523
8893
6923
1684
3401
8223
1308
2369
4359
1540
4687
7727
0478
0398
6709
1638
3809
6928
1155
4998
3963
1344
4262
1514
8394
2510
1914
8817
5507
4905
7496
5568
0006
5070
9748
0598
0152
8415
0617
0810
3895
2077
7497
6633
2776
6720
7147
3710
7699
0462
2642
3580
9918
3639
7150
1586
7574
9489
2887
8656
9162
2936
1990
0384
8824
8484
2535
3793
7645
2140
9149
0498
7924
7480
9388
7043
1920
6428
6614
1379
4442
5180
2890
5068
4355
4772
6582
0974
3196
1066
3432
9503
1908
6917
9102
7188
1754
2750
1309
6755
5843
8207
0273
0294
5175
4116
8833
4106
1735
5101
5261
7592
0104
6983
7826
3780
5528
4464
0475
6836
9419
6467
3820
1739
7418
1492
1401
6426
8676
2738
5122
5441
0619
5257
7466
1660
1558
2784
2382
0314
9081
8351
8543
7193
2617
3794
3717
5713
1689
3750
4507
2489
4647
6021
4790
4174
6956
2627
3480
7027
3263
7810
7958
5325
0872
7936
9556
2022
5455
5672
0543
6090
0638
7750
5082
7115
1847
2647
7420
9046
2377
5381
1095
4439
7369
0288
0633
2618
1478
9631
2015
1756
5298
7764
0377
0060
0863
0203
0631
6275
1929
6655
6355
6768
7447
9010
3795
7271
4515
6385
5935
0515
0566
3379
1978
8236
3148
1743
7164
9986
6301
1293
4550
6704
5968
7084
1027
5434
2113
9199
9483
1284
5930
4162
8275
1393
2685
8694
5739
8937
1085
6206
7536
2177
0337
4403
3173
9921
5042
1784
7605
9600
3422
0075
4321
6888
5908
0812
6628
7687
6697
7911
2024
6653
2370
7993
2699
0926
1366
2882
4446
6686
9261
3051
4966
2678
3878
6982
8622
8226
9040
7394
3036
3572
7365
8294
0239
0783
1931
3738
2592
5732
1210
2815
6383
7704
2419
6570
2200
7489
8522
0296
1023
2485
6180
3507
6821
9799
6307
3177
1935
7105
5689
3262
6195
8423
9269
4729
4917
9033
4554
4931
6695
5083
3689
1635
6685
1547
7225
1738
5720
5861
1568
3315
3365
8668
1629
1768
3951
1602
7143
5567
4022
0892
4497
5203
7397
6470
6597
9316
3629
7589
1104
1599
9790
4463
4965
9889
5142
0611
6129
8637
1838
5714
7233
1424
4012
0588
2511
2755
5925
9274
9075
8091
2989
5294
1796
7347
8377
5744
9246
1392
1690
1295
2221
7309
7358
9158
3118
9596
9136
2250
6610
7468
1470
6605
6568
6050
8224
4781
7854
1425
8789
2318
2374
3138
8630
5004
8486
0684
1696
2697
1020
7179
6156
8890
1367
1750
8740
7401
4454
7190
6707
2478
2841
2643
7241
9756
8768
5670
5090
5043
3385
8267
5337
2572
0755
1277
2456
1437
9904
9930
2828
1644
4280
5748
5573
7546
9501
9919
8399
6167
3463
6935
0227
6058
5556
2225
0842
7787
8767
1466
7664
6884
3411
5799
4102
1157
0416
7591
0850
8596
7175
7615
7082
2187
0180
0001
6636
4288
6731
6931
9007
9511
3715
2793
6251
3132
0596
0678
3082
1519
8551
6130
7929
9551
4011
2563
9798
3743
0299
3767
8213
1121
1253
7652
3311
9505
6462
1455
0446
3013
6684
5985
0897
7763
8974
2363
8554
3089
4525
3282
1670
3274
4305
9808
7406
2928
3399
4924
5848
4342
8421
4912
3757
7264
5461
8257
1718
0735
4705
2401
3801
6806
8670
6463
9315
1542
7729
7146
9831
8145
5870
9509
5859
1866
2164
4238
1065
8448
0663
4540
7127
9301
8253
9436
1774
1709
9296
5743
5346
6999
8752
3800
8515
6736
5103
6376
0230
5280
4739
4473
4839
5274
1791
2964
8690
3072
2352
3841
6032
1216
7485
7543
7390
5514
7156
6824
8549
7475
0270
6082
7930
0254
8616
2609
8475
9252
4765
4644
7616
3627
1640
2634
3529
2948
4950
7748
6143
4490
8832
4379
7320
9571
9848
9922
5791
4974
9589
5331
1354
3180
5813
7134
3685
6178
2978
7154
6948
3641
0629
8456
7978
3353
7312
2286
0654
8325
4081
1169
9361
8056
3859
6412
6487
2877
4049
9218
3162
5399
0430
6066
7476
6230
9588
3075
6925
2524
9609
2275
5981
8525
9350
4312
2681
7382
8279
5771
4343
5329
0454
8826
4866
6448
7149
0244
0420
1167
0243
0267
3744
5631
8105
6128
3621
4365
3559
8621
5784
6563
9135
4895
6421
1117
3203
4925
1840
3046
6173
9415
4128
1026
7423
4773
1501
2141
6339
7587
1037
6927
8034
9745
2354
6127
7677
5833
3549
8876
9369
8352
5715
2951
3452
5577
9991
8299
3473
7125
9476
2812
7683
6080
4885
0511
4498
6616
7194
9052
0600
2745
7798
3596
2954
7806
5512
1552
0257
2858
7611
4626
1051
7005
0173
1254
5049
3256
4337
1362
8950
4981
9048
4603
1912
2703
8090
6507
7114
2979
9924
1583
7926
6242
7873
0206
9872
4806
9584
9430
1206
5596
3656
8516
5760
6735
9722
6108
7366
8113
3080
5620
6506
3019
3714
6910
6943
0942
3378
3955
2529
5392
4748
7708
3908
1146
1873
5024
5921
2713
8523
7204
1932
5841
0247
6867
4669
9784
5306
9689
2646
9776
9163
9564
6748
5464
3985
2545
5721
1769
3734
0300
7867
2394
0873
3528
3510
4335
7818
1282
5676
6781
3362
5892
8214
2902
7044
8977
7210
7296
9137
7539
4166
5926
0304
1925
0637
3388
4408
7400
5104
7456
6087
9655
3768
0155
9120
9024
8592
4131
9262
2294
4221
5581
5014
6149
0503
1200
4161
4535
1229
1928
0920
4864
0328
4769
2115
4252
7324
3239
6140
0690
7719
2108
4992
0671
2814
7344
1963
4551
0648
0190
1606
5890
8108
9488
2571
2267
9852
4404
3439
5569
6119
5910
0202
8283
7814
7894
8947
7658
1598
4838
9424
6732
0130
9404
8297
2900
2051
2355
3554
4388
7736
9245
8004
7707
7879
1313
3168
7819
5397
0450
4154
7861
6240
7770
7881
9497
3935
7216
5498
9358
9733
0621
5965
5740
7922
2310
5845
3723
4266
4296
6302
7494
3592
7446
7733
5380
3003
8177
6739
3538
7633
8251
6823
3934
0326
0726
5517
9913
2298
6138
8164
6315
9951
1443
2076
3033
6454
1491
8020
4320
5482
3249
2262
3526
1637
9529
8069
5570
2215
2680
3968
8258
4566
6262
1330
1767
0988
5817
8529
9980
0833
8495
6015
9042
0788
1957
4938
4441
7226
8053
8929
3137
0345
6141
9826
4811
2562
6994
9401
3922
3214
1621
6722
4020
8453
9006
7196
7294
2794
0052
5865
7333
9804
2758
2522
1087
2227
4684
7613
8733
5249
3544
7035
0562
5240
1868
9928
1203
0764
3434
2708
3408
7685
6567
4604
1961
0973
9212
7392
5443
0507
0815
4209
9141
9559
5348
4104
6092
2381
7433
0089
9368
2081
0332
9077
1628
1363
1486
3184
7455
8473
9221
9558
1883
3389
1829
4812
2229
3871
7457
5621
8140
4814
6401
1182
2271
4862
7495
7570
9363
0935
1215
3599
6968
6372
5986
9590
8725
9516
5378
2347
9431
2045
2400
7878
6872
9195
9816
1870
4394
6912
2802
8158
7073
0078
6185
3821
0799
7944
3857
2865
4682
5067
5467
9410
0028
1132
6456
7152
3504
3336
5502
6118
3441
2554
3678
4631
3409
5964
6862
0945
5992
4730
1317
5143
1142
4274
1480
1788
9089
5785
0913
2742
2557
9568
1837
3382
1314
5840
3044
6577
6741
6598
7693
6351
4313
7899
7784
8591
7097
5700
3266
7515
8152
9297
8982
0191
2084
4007
8994
6126
1989
5938
9421
8309
1591
5051
2532
0737
8949
1199
9794
1851
7440
3201
6496
7872
3420
2061
0497
8566
0500
8392
5289
6480
8908
3545
6742
3484
0698
5733
4650
6606
8556
5994
4699
5149
9818
0843
9765
2711
3788
8329
9054
6482
0280
4606
7469
2987
0595
6457
8234
6730
6211
0400
9960
6683
8661
4854
2706
3199
0868
4475
8601
0981
4502
1776
5216
0114
8170
4015
4649
0876
9886
7236
8382
4538
6363
0228
2101
4590
0746
4195
8665
5118
9740
3698
5308
2840
4821
9157
9734
2103
8256
4429
2152
0025
1312
1747
5413
9034
2838
9507
6609
5734
0407
3018
7319
2512
5879
5779
4596
9575
6926
8044
8997
9772
4212
3712
8989
4957
8363
1903
6408
9470
7012
6219
3581
0844
6371
8333
8617
8932
8154
1523
6959
5252
9367
5063
4308
2528
8209
3345
5895
4819
9127
5947
3141
9944
1451
3892
4851
4002
5247
6880
2067
4073
4934
5624
6682
7388
3509
9845
7148
5825
6958
9885
1551
1966
4077
4101
6770
8135
1778
1617
5406
3997
6103
4437
1553
3916
6380
0026
2195
3136
4909
0667
9857
2977
9752
9909
4639
0321
0846
3508
7510
0957
6447
7107
2676
9673
0711
0256
6847
1258
2660
8567
6280
9455
6107
9030
1068
1247
5047
2873
9990
7889
0696
1272
4434
1062
5900
9366
4633
2064
1107
4598
7087
6396
9200
2804
5610
5844
6075
6612
6988
9727
2192
1395
7341
0723
3040
4610
9521
1803
3962
2861
2966
8300
0225
5314
4845
3593
9554
3478
6830
2479
4189
2717
9648
8445
6650
8828
9310
2607
7987
4352
5266
3424
2933
1745
3853
4080
8210
3673
7206
1244
1972
2866
4314
5583
6788
1649
9362
7258
8664
0172
2336
3609
7558
8037
2148
5209
1541
2151
6940
7846
8420
9299
2270
2748
0502
7897
4830
9706
5473
2836
5540
2223
6074
3316
9634
0378
5196
7339
9534
3293
7077
7781
3703
0403
7969
4893
5707
3879
9582
0069
2561
1156
0443
3123
2473
6106
8157
9402
0055
1516
4978
9890
5647
5102
7470
7942
6330
8466
0570
3781
5952
4868
6046
6714
0771
4440
7484
0336
7380
8763
3790
4307
0423
0113
6004
4424
0732
9109
0105
0826
9348
0494
4331
7045
7912
5154
6789
5949
6542
4588
2897
8776
5032
8793
6305
1359
0261
2709
9063
1531
9542
8412
8955
0020
3652
1414
4829
4858
7298
6427
9705
1515
2614
5462
7318
3579
2380
3835
5611
8254
4066
1280
4646
1192
7124
8183
8756
8057
7275
9398
3515
0124
4927
5355
0218
8100
6078
0320
1044
4172
3967
4710
4939
9968
0709
4019
4089
5604
3778
5386
1299
5536
6475
8633
9003
6623
7234
1298
4284
6773
2597
6946
2157
9750
1811
4531
8049
2829
1864
7646
2996
9391
7351
8212
5372
1521
0490
8726
5286
8649
9780
7753
0951
5681
5699
2770
8539
9041
8442
4246
4487
7919
6102
4199
7797
5463
0229
1662
0352
8036
0847
0806
9863
3761
0015
1559
2672
1508
6123
9280
0431
3561
0422
8388
3626
2361
7238
9347
9329
3291
3699
6661
4275
6662
2060
1571
7214
0219
2375
8614
5772
4349
0861
1136
8203
5778
2992
4796
7269
6505
5336
3799
7701
3740
9114
2583
2094
4031
3514
7974
6967
5662
8178
2253
8039
1765
2773
4572
9465
4651
6749
6602
5436
1620
0750
9690
1716
3574
6169
4954
0772
9557
6642
2986
6618
5017
7983
7171
5244
6875
5254
7308
8520
8774
0928
6701
5246
1271
6750
6819
5211
1019
6011
6774
9461
8380
1715
4643
7263
4963
6485
1198
8931
2932
6222
3500
8242
6179
6031
3996
8312
0003
6942
9128
9820
8782
9941
8575
9701
9224
0253
8595
0355
4782
5527
6500
1934
4496
0738
2290
3238
3930
6557
3352
8493
8500
3745
7609
4741
0183
1079
3243
8293
8738
9119
2362
9846
9191
0534
8728
6673
6679
5358
8286
3679
2183
7555
8143
4608
4247
0187
5171
6865
8584
4087
1627
4795
2481
5566
9154
1069
5589
7550
4937
4746
5055
3211
3675
6805
6543
6844
4749
3083
8402
5020
1011
4381
4196
9823
0675
0394
2593
6366
9995
2142
7272
4233
6483
8888
7647
1572
7060
5998
5953
1896
2288
6803
4884
0182
8489
1296
5451
1400
5279
6780
3334
7989
6225
0302
6479
9179
6400
5508
6510
0938
2749
0882
0236
6112
7031
2875
8535
3848
4983
5440
3694
5245
6919
2665
1734
4344
5609
7632
1588
8702
2801
5862
4110
4916
9417
8510
0306
1250
7430
8362
1241
7212
0859
9088
8089
4182
7514
0526
5924
1708
5731
3563
0739
9860
0968
7766
0961
7182
6645
3606
9230
2495
5292
1893
5204
0524
2972
4703
3716
7888
4060
9312
9319
4648
1202
1940
0061
2863
2714
4143
5545
7778
3087
6477
2860
8662
0344
0207
8791
8490
8608
1164
5920
7749
5351
7573
7817
5905
0906
1075
4348
8636
4491
3946
3011
2757
5272
6688
0331
0575
1032
9527
5623
6861
6023
4736
5997
8685
0776
3753
5853
7209
2910
4316
0082
6835
3860
9907
9530
0158
1469
5717
3150
7761
9207
0884
2313
3124
4219
0122
6093
5645
6754
8146
5324
7782
8700
2824
3008
4197
4471
7821
6064
3789
0087
2216
5078
1676
6797
7262
4213
9432
0455
6346
7906
0689
7165
5021
1825
7402
7793
6874
2962
7106
7937
8845
8571
9693
4574
2842
4632
5278
1527
8524
1946
2217
6208
0662
2443
8897
8565
7676
8180
2731
3533
4224
2889
8528
2066
3770
8969
2677
8241
2921
5588
9028
5826
5100
5575
9478
1497
0923
6952
5885
1850
0589
6659
2855
0506
4291
5987
2922
9891
3568
0339
1141
4338
2008
2619
4179
3236
5457
9294
3662
9225
2059
6260
2364
1723
7962
8019
3704
4091
4171
4112
8342
0864
8680
5420
4791
0185
0805
1426
0409
1323
4967
2366
1973
5940
7710
1339
1681
0685
1022
4997
0335
9051
3948
6047
9420
7509
2448
9035
7977
3035
5962
5730
2768
4875
6795
1605
1412
7232
4392
5111
8822
3157
1667
8985
2171
3146
9464
7409
6317
7437
7585
6007
2173
8871
4760
8125
4265
7362
2282
1506
2425
3209
3049
7065
8008
9785
0353
3686
4617
5665
1138
2054
8264
5587
2398
5553
2139
3613
4743
1046
3519
9888
3403
7548
0009
0399
2637
5031
5219
9494
5632
1703
8511
5217
6083
4103
0128
7526
5382
1475
3475
1415
5060
7527
5099
8066
8216
8573
5424
3804
0944
9897
7110
1804
1195
7743
6238
0853
8221
6842
5741
2600
6036
9140
4994
6822
2392
4584
4503
8541
8648
4157
4556
3851
3676
8339
8590
8787
0318
2682
1759
4132
3546
8802
9763
4294
2689
4575
0397
4740
8081
8815
4820
1072
1613
0998
2549
8711
9789
6918
5954
6565
4347
6441
1702
6337
9056
7135
1208
6517
7734
3070
2606
0636
8698
4704
0209
4546
2184
3109
9721
4383
8270
0485
5045
1858
2868
7900
5636
7928
3775
2065
2551
1259
5438
2633
9008
4636
6145
8130
7941
8075
2104
6738
2876
0852
5580
8459
9778
6870
6531
8259
9605
7451
0068
2476
3999
8628
6387
8723
7142
8945
0585
3341
3464
3615
6845
6901
2539
5353
2046
2521
3525
5192
8971
1834
1529
7166
0997
6340
7603
3269
0528
7980
9068
6547
1126
9258
4133
5282
4541
6708
6511
8462
7946
0486
8463
2162
0477
9198
9336
9902
8005
4720
1800
3817
4536
2001
8724
1862
1209
2891
3349
4256
7792
0381
3562
6516
3961
7307
9677
0471
5170
6828
8713
4616
6084
5794
9314
1269
2751
1618
6323
7376
7706
1927
2461
0094
0487
9422
9749
2418
5737
0040
8965
8916
3755
3273
5466
7161
4597
6296
3491
3623
6813
2127
6220
0293
5656
4915
4423
9055
8959
1431
0421
1822
0794
1705
1802
4774
6889
9018
4330
0307
0605
0517
0704
2906
0574
7102
1824
7545
4865
2655
1770
5782
9353
3692
6787
3939
7462
4297
0734
9810
3444
1150
5046
8485
8968
5319
4942
7032
8532
8163
5810
0361
8033
8816
6882
9049
1230
6964
9881
3194
3287
5384
6043
9193
5595
1630
9935
2788
1965
6146
8318
8132
3174
1185
2453
3451
6187
7716
5796
7512
0459
5138
4752
7709
8624
4642
2939
1000
9359
7530
1257
6137
0626
1340
2304
2915
9513
6676
9346
5233
4064
1532
7640
1285
5787
3512
4120
1852
6091
0073
8079
7756
3208
3187
8750
2308
5027
8626
2293
9779
4876
0464
8667
0731
4332
6976
7757
1305
1741
1364
7081
9000
5321
5366
6052
4484
4447
5767
1301
0584
7492
5133
2056
9874
1814
4058
2810
1945
3665
0066
0841
9324
8144
9939
9835
8046
8747
2172
1830
8842
1454
3650
2072
8612
6671
2335
8204
8331
0955
1729
3333
6177
8987
6930
7478
5001
3116
3902
7121
9819
8923
0279
7935
7363
7952
0368
5003
5260
4451
8865
5299
7567
9335
4505
2260
0681
5362
4452
7079
4465
9694
9937
9266
1826
6891
5270
3026
2000
8736
5002
7277
0037
7679
8432
3302
1381
5144
7841
0533
0079
0356
3945
6298
7671
3607
3373
3279
7223
6809
0437
7086
6590
1467
4527
7580
1775
9169
8457
8602
1520
6763
9931
1231
9053
6957
9893
7300
0007
0170
6526
5205
8788
3949
4667
9962
8488
2426
2334
7108
2546
4469
6436
0795
1855
1382
1384
3250
1550
9900
9009
2492
5822
5288
5168
3246
8492
5123
2823
5310
5475
8247
8431
5886
3898
1742
6537
0411
6461
7740
3681
9514
6591
5554
4690
2204
5795
9256
7058
9866
1577
9484
1674
4657
7228
2131
1159
8887
1724
4460
3045
7825
2761
7436
0103
4126
9971
5499
0786
1375
5088
8071
4210
3880
8076
8232
4722
5157
0895
9552
6398
8138
4114
8527
3366
9151
0651
6908
0467
0376
1548
8961
4537
6833
5025
4894
3377
6209
0200
6764
7248
9793
0760
7026
4134
6101
4718
2480
3314
2248
7130
2895
6674
8104
8171
3163
9164
5685
8398
8548
0845
1343
4271
3984
7342
2010
7606
3888
1053
7584
4426
5971
5338
1891
9341
2021
8568
1518
5468
6033
8165
9877
6334
0360
0623
6868
8559
9389
1329
8287
2241
0624
7575
5888
4085
9771
7305
7662
0002
4183
4733
3131
5951
7224
1646
5251
7721
8829
3764
9234
5871
1582
4201
4818
2220
3925
0653
9454
5891
2239
5268
6039
3276
1187
7650
3482
3849
6271
2209
6288
4118
7811
0031
9936
1106
8474
5228
2484
9152
9472
3844
7594
3531
4717
6745
0556
2019
6800
3053
7659
8115
9237
4873
4982
1162
5727
7544
7343
8504
0312
9062
8875
8269
5839
4051
8526
0898
6377
7997
7256
3931
1413
7525
0547
9469
4890
6172
4528
3957
4700
4901
9535
2779
0717
3396
6509
9205
2587
9642
3264
4549
3861
7619
4576
7667
1170
2027
9730
4683
0022
5658
6977
7565
3357
0665
4153
9950
9665
1590
6546
7360
4177
6698
0925
7869
1513
4920
5616
9978
5035
2843
6782
0959
0303
2272
5996
8263
3381
7199
0419
0111
4693
5176
4861
9940
9876
7951
3241
6186
5313
0914
9637
8641
3477
9129
0324
8292
9067
5128
2283
2602
2831
8619
3742
1979
0832
7054
9298
3313
6162
7080
8684
0905
8280
0658
4257
9360
5086
9675
6096
7992
6379
3171
3427
3556
4542
5437
7064
9555
3842
4871
9215
2029
5547
6692
8781
9873
9543
0245
0194
7849
2038
1701
8024
2584
3308
9577
1987
4843
3667
8652
3471
3759
2136
6716
1642
5471
0569
0259
4516
0937
9992
2430
4614
7833
2724
9871
3193
8266
2582
6360
0395
7656
8933
6003
5328
8458
0116
8550
0956
2752
2723
4539
1874
5642
8513
2106
5304
2165
7822
4968
8217
4176
3442
7067
2099
5523
8179
2763
9974
2850
1543
1789
1355
8904
6282
6320
4163
1125
3920
1902
6175
9226
4665
5489
4949
3094
7840
4242
1998
6515
6430
2233
5422
3359
4849
2168
4543
4033
3406
6525
4052
7185
7036
8587
1622
4380
6432
1664
0820
5369
4035
0856
0466
0298
5612
7311
8010
2613
0159
6331
3145
9807
6924
9849
5373
9108
3762
9397
1502
1148
1959
1266
5824
8072
0383
0890
7537
1581
1356
1240
0634
1130
0917
2735
5601
4178
0184
0610
2048
2874
7432
5492
1694
0941
1832
1080
0865
3953
6508
8687
9806
8576
0829
7908
6949
5033
1609
4318
7744
9537
6073
8295
4336
0992
9175
8834
9238
1288
1018
7984
0586
2386
1555
0096
2317
5030
1242
8343
9915
4386
7674
4847
2049
4719
8189
0922
0083
2702
9425
3375
2783
6632
9598
9106
8605
6779
5913
2188
6450
3474
1719
9259
5932
9580
7089
8070
0092
0023
2553
5542
6442
5403
0347
0971
4270
3940
7332
7519
8097
6460
4970
0721
5388
2439
3773
2100
7083
2089
5414
5519
0757
7279
7444
8187
7644
8589
4205
2848
9638
9533
9524
9878
4697
2167
6417
5447
0877
3617
0167
2391
1631
6231
2744
5315
1178
4393
2367
5075
2348
7976
7314
9976
4583
8060
1003
2434
5326
4969
3496
0171
8902
9441
1097
5858
8794
3245
8938
9320
6558
5972
7014
0670
3682
4935
6535
0620
2811
4620
4029
4678
8181
7398
9339
1636
4653
2872
6489
6815
7831
9264
9565
9496
7572
0369
2396
7411
0823
3539
0948
5659
3576
8564
6192
7118
3914
1473
5602
7865
7955
9254
8002
6808
6827
4899
1659
2092
7306
5726
9938
1024
9148
0640
1725
3202
0707
7700
8356
9606
5555
9414
2451
3602
3897
0583
9522
9544
2307
5258
2410
1235
7896
9653
4333
9687
3567
0483
2666
8215
3981
1290
8574
9409
2083
5066
9074
5522
8912
2920
6573
6025
2295
8919
9130
0672
0878
7986
6975
2107
9682
2834
5150
3889
5006
0834
1059
3956
4032
4398
9892
3610
5852
1219
7991
3754
7020
4815
3085
5613
1714
4666
6285
0952
9830
8644
6065
1600
7237
0854
9364
0501
4449
4006
0660
5563
4645
0991
3991
9433
4481
4677
5830
6588
0742
8191
4016
1193
5939
4834
7791
8927
8403
8631
7623
3084
4711
2700
7211
0513
1103
8159
3218
4078
0268
8334
9828
1626
2721
4902
3112
8016
7892
8121
8386
9512
2128
9822
6863
9624
7735
4303
2853
3407
0855
8780
3986
8364
9943
3114
7739
2904
7950
1457
2929
6295
5152
5961
7120
6006
4856
2358
5113
6581
3139
1041
1692
4148
3785
8844
4203
1952
2155
6079
7800
1752
0643
7250
8839
0048
9197
2174
6202
2859
0879
4253
4283
4414
3811
5275
9083
0549
3417
9641
2998
8464
8905
2835
8261
7100
5307
4319
1201
0801
1090
5207
0514
1697
7994
8703
8190
1232
8418
9987
2330
4973
8809
6069
0962
7533
7887
9085
7346
8849
9232
8889
6111
2462
4310
8857
2403
0510
1064
7755
4522
7625
6056
8409
3696
9796
3541
6681
5966
1122
9260
3923
9462
7289
5428
0330
7654
5629
6990
4948
3306
9574
5606
7581
7326
4870
7680
9073
0848
1923
1760
7747
2130
0686
6008
5537
7415
2869
4813
4599
5019
7960
4511
2080
5273
0982
3425
9680
8032
7948
3223
6690
8308
2640
1033
2746
4518
4702
8411
1194
2414
2792
2338
9759
5901
9838
4109
5500
9084
7568
3709
2730
1680
8417
8946
5757
6089
2037
8059
5693
8375
4501
6433
3881
3585
5418
2390
6027
8239
0086
3655
7472
7357
5983
0146
4416
0849
1453
3372
4293
6601
6445
2211
5193
8753
8460
5098
3924
9025
2042
8819
1262
1500
4755
8249
8383
0965
3057
2429
4363
9101
3042
4641
7874
8410
1534
6992
8759
9138
3530
9947
3555
3825
6403
8757
7934
5141
1287
2577
7915
1093
1772
4099
0341
7391
5026
8345
3115
5709
9165
4094
9510
1234
4273
9381
1879
7019
9400
1172
0396
7170
8481
8533
6016
8745
6603
1939
3624
3487
2423
5221
4279
1675
6395
0761
0751
5762
4808
5980
5880
0622
1901
0440
1894
7112
8160
7631
8940
5836
9481
6553
3983
5011
5842
8746
9112
3023
8623
9113
9611
4715
9625
3340
4602
2422
4369
9321
8581
5044
8347
9917
0350
5016
0835
2737
1787
2694
8944
2716
0135
6725
8943
8717
7345
0161
8073
1025
1036
9699
9708
7483
9517
9016
9132
3505
0067
0442
8502
4728
3342
1967
1584
9657
4047
2416
2639
3134
5851
2931
9250
2635
2201
6333
5490
6969
3284
9697
3485
1408
1336
0262
2311
7395
8715
8450
6751
7328
8314
4877
6168
8731
7552
9066
1204
4799
3827
3007
9670
3338
1839
7136
5277
6520
0316
3369
5562
8373
9072
7039
9955
5470
3700
6664
1335
2698
2819
8065
1753
2014
8718
1648
6562
9613
0657
2222
0359
9468
7094
0990
6989
0604
8804
2805
0573
7393
7261
9443
0231
2424
7221
7066
9187
2591
0382
4457
6243
0893
1227
2373
0571
5262
5195
4281
6057
9668
5503
3928
8686
1958
5872
4204
3001
0857
4232
5034
5442
2740
7780
4989
9345
6221
4737
8174
3970
2350
1419
1249
8689
2808
3443
2736
8730
9445
8151
9292
4391
1615
8441
8228
4673
7725
2625
5095
1144
1544
9142
0674
5241
4223
8792
9700
8498
0460
2963
5834
7061
8205
0825
6580
3090
1964
5018
2409
6752
9229
7034
6125
7109
9079
2193
7301
9426
1060
2412
5509
2325
4587
2306
8672
2533
8803
2075
8683
6913
9023
1422
6198
2620
7288
7540
2916
5281
8278
1815
9801
0305
5766
9746
7901
9854
4778
1333
3481
3254
5106
2762
6312
3043
7173
0175
8812
2004
2121
8469
7586
3029
7694
5153
0880
6529
3457
1102
0325
6613
5191
9626
6587
7490
8899
8086
8147
7998
6909
0744
9105
6772
6656
6354
2399
9293
1611
7422
7703
2974
2252
8368
3653
6916
3808
6619
8023
8240
6040
8211
0551
2782
8062
8900
2146
8025
9181
7192
2725
4026
7973
1007
0168
1722
5543
6471
0504
3052
3231
9183
0014
3693
5584
6631
9685
6022
8238
9562
6155
2118
3614
5198
1372
8208
3364
2817
5955
0406
6136
9741
0516
5131
3397
8162
1533
9286
3837
4472
5673
5036
8317
1405
8643
6786
9242
1836
9515
8836
6276
8128
1509
5177
2886
3299
6086
2291
5884
6652
6358
1345
4357
4709
9203
2044
0405
9710
9696
1948
3055
3430
1970
5297
1387
9563
4042
5375
5809
2226
5652
2050
9322
0157
0512
1949
5820
3129
1539
4634
6311
9059
9412
9981
6344
1485
4095
3971
0613
8348
9384
2259
1849
2120
0496
1799
4216
1992
7604
6182
8149
9623
6886
4264
8797
4940
6766
8823
0457
2905
3900
8831
8924
9604
3100
9660
6279
6233
1435
7794
6164
5263
4975
5485
7129
0426
3917
2544
7267
4984
4443
8397
2312
0215
1008
4655
2590
7839
9405
4558
8017
5234
7571
5608
2556
9911
4612
6857
7491
6267
4990
5628
0608
4727
5548
6469
7379
7359
6350
7630
5300
6586
1721
2541
7829
3429
4886
8882
3654
0523
2365
8434
2878
1211
9371
0004
4237
6166
2543
7041
9206
3328
2854
7804
6944
1261
3078
2175
4926
1031
6068
6985
7442
1781
4735
3322
2888
7961
6277
4787
4883
8230
6640
6453
2125
1682
9684
4810
1977
5169
1058
0476
4259
7618
4933
8350
1790
4993
7070
0775
1897
4671
7561
7239
4147
8748
3062
7092
4708
5850
5889
2507
6575
2988
3813
0553
5097
6490
9201
3913
7183
6794
6361
0862
5501
5497
9952
0017
4504
4255
5335
8807
4857
1418
6338
4579
4175
8909
0546
5340
6099
5761
9375
9268
7848
7578
6030
9754
9632
8848
2406
3147
3523
4327
8196
2720
4299
9982
6259
8843
9594
7617
2296
4592
2098
4138
2623
1311
5213
1975
6840
1057
0402
6414
7460
0889
0102
4716
7375
9659
2790
5752
9629
0824
4627
8885
4510
8655
6945
7140
7601
4944
2258
9306
8688
3992
2892
8813
1995
7128
0730
3412
6434
2247
7458
0669
4567
0196
5878
4461
1512
4764
0811
5116
7335
2486
3899
7229
1403
5419
1786
9090
7021
7717
5806
7113
4155
8098
9325
9761
1656
3829
0904
7731
2520
4360
6397
0976
8371
0525
1331
1871
8323
7137
1420
1021
5387
8123
0995
5724
7438
7028
7330
1844
2110
0752
2093
9667
8360
4432
2598
2604
7255
4872
7516
8863
3066
0963
4553
0647
0354
7180
7882
2818
1168
2133
9449
6746
7372
2384
7169
0708
6881
9300
6416
6811
4027
5574
1922
6705
4272
3041
6765
8428
0614
4413
8009
8328
6607
6246
8709
5276
4914
6521
5488
7649
7557
0093
7088
9451
0429
5458
3894
7068
0493
6753
8438
4462
3071
3234
3499
6235
1224
6316
4468
2469
6010
6044
1040
5365
8953
4896
8274
3783
8139
8077
5357
6663
6217
6399
9923
3058
6733
0147
9452
1878
6109
0656
5493
0541
9965
0080
6902
1780
4130
8883
0748
3297
3060
4200
9150
5538
5188
9272
1248
2937
3869
7050
8110
2945
6647
7597
2240
7745
3067
0756
7389
4024
8653
4425
2911
7405
6135
6799
2138
8837
4202
1118
3947
3979
6756
5790
4979
4823
3875
1564
7219
7953
2913
3387
5550
9434
2069
5792
8512
1222
5370
5181
6718
4880
7547
7828
9490
0174
7329
4757
4483
2581
2230
6435
5788
2786
1246
4436
8422
9176
5007
6144
2012
1233
8408
3886
4738
8951
6848
7535
8852
4888
7607
9173
4470
1225
8859
5993
4523
4932
7337
3360
7477
2536
2648
0702
4156
8962
9791
4637
0319
0594
7353
0445
3765
7898
6110
9219
0603
2538
1969
5161
7177
7642
4136
4859
8451
6299
6473
2144
7461
1994
2246
2501
5696
1707
4261
6226
3600
7681
3870
0433
0214
5271
4680
1049
0346
2769
0899
8830
5956
7373
8773
2516
1013
7443
4129
1406
6998
4268
0140
0699
2985
8835
1579
4499
2234
0839
4804
5238
6148
3843
3198
9614
4797
5565
9979
4663
3758
4747
5173
3791
