2221
8505
4310
8955
4201
6232
7209
6430
8425
2452
1789
2302
0342
0525
0534
1277
9353
8808
3728
4583
7488
7094
8749
7598
0950
0041
1188
4720
0338
1154
9431
0099
0413
7875
7435
2418
4495
2057
9047
9319
2002
0533
1369
8782
5649
5258
6289
3120
4241
9285
0990
5513
4468
1505
1411
9852
0574
1283
8016
1778
0915
1508
2775
4962
7607
6631
2785
1243
0288
2562
7407
6124
2243
3823
6178
7263
9661
7604
6801
5223
3313
3483
5137
8776
1125
2813
5281
5294
7231
2857
6672
6199
7869
2607
3652
0914
5368
4420
5175
2963
9463
2885
0125
9974
5361
7852
1621
6886
4169
3722
1474
7653
5088
5704
6283
6879
0739
3188
2035
3585
4605
8840
0729
8034
4665
2155
3864
8373
3214
6530
3817
4146
1623
5412
6721
2954
8117
7313
0160
3869
9569
1652
6384
8991
9734
9606
4847
7637
5750
7458
0350
6008
8437
8614
3167
3529
0281
5575
5590
5594
6917
5991
2007
3980
9035
7817
9395
6730
8911
1851
0112
6588
6242
3612
9135
3857
6598
0662
9133
4030
4166
5481
7740
1409
0571
4679
8998
9840
9758
2918
3218
0374
8967
2975
1439
7007
9497
2393
8224
8617
2420
4190
4242
4644
0244
0179
7678
5982
7904
7813
9695
5298
8971
4831
3561
2458
7405
8361
4705
4397
3593
5020
5016
5880
1106
2374
3195
9166
4522
0747
0180
6899
2176
4351
0705
4482
6066
3325
3271
4210
1250
0202
1794
2829
2841
5118
5447
3182
8445
5981
6990
3273
0352
0617
1275
5789
5893
6179
8593
2077
6117
4005
7492
0523
0745
9081
2502
0820
8164
2955
1076
1954
8532
8479
0833
2767
7730
8031
4977
8729
5733
8426
1081
5932
7299
9158
4560
7819
1135
2972
6415
6863
9977
7362
4256
6979
0168
8341
2739
8867
8644
7660
0058
0847
0906
1837
5678
7066
6817
3865
8922
3894
3332
7382
0790
7192
1072
6058
4277
1044
9782
3624
6627
1041
8724
3341
4539
2426
5335
2296
2716
1358
7540
4075
0091
6074
8570
4566
1379
6109
0807
5159
1929
9663
9561
3608
6609
3886
4348
3487
0734
5173
5287
0213
8502
7373
2395
5060
7181
6368
8161
8454
9420
7772
4918
8850
3253
1342
1900
0867
1372
9547
9220
3874
5027
4837
8053
9520
4637
9926
3918
6919
3098
7939
0741
2797
6486
8928
8111
0554
1400
3949
6589
4895
3667
4372
2936
1556
5048
9498
3071
6442
7146
2548
5434
9963
2266
0347
4001
1681
6292
2690
5079
4237
8673
9247
6236
1029
6830
0589
4810
7200
5810
1450
6295
6453
6905
6377
7520
7282
9408
2632
4139
6309
6317
8421
8357
7026
9691
1701
8656
0845
9812
7909
6780
0591
1459
1659
0390
8369
0784
0270
3104
6467
9902
6600
6668
0490
7595
1187
4054
8033
8848
6286
3246
8211
4274
8333
1523
4262
2966
6051
4755
4843
7796
4182
1845
0948
3937
6483
9316
5842
8012
8337
1108
7718
3407
7648
6760
5225
5983
7052
9005
1946
6769
5848
7780
9515
1310
2096
3969
7135
1003
9709
6373
0250
7034
1872
4596
1410
3807
0634
1546
7703
5071
8390
5877
4062
3353
6200
3872
1268
9271
6119
1368
4570
2822
3629
1458
4026
0858
6973
3181
7392
1920
3117
9587
7083
9876
7750
1196
7158
0639
1710
2663
5274
7635
9581
2254
0998
1636
7243
7873
4121
4355
3454
2469
1476
5362
7440
0874
5854
0020
6071
6860
9310
8663
9534
3897
5673
7581
0499
3803
4438
1055
0653
7131
9927
9749
1936
0695
8987
7809
4014
9060
5264
2450
5683
8869
3379
2123
1415
2985
9272
5593
1534
5058
0836
3644
6452
5094
6888
0722
5309
6154
7162
8263
5220
4324
4316
1264
3627
3051
9007
9984
1884
7283
6165
5489
6804
5886
0812
7885
5729
8930
5198
9429
4413
5339
1908
2752
1817
1994
6633
2724
8536
3017
6049
7720
6824
9986
0930
3055
9611
3175
4636
2967
6218
4464
3444
6768
8353
8689
3689
4173
6032
9657
4722
6321
7485
0059
6806
0409
5435
5660
3392
1350
1312
8274
6856
2380
8258
3631
5488
5504
0166
0008
9219
7922
1654
2533
2946
5804
0282
7617
4684
2078
9405
7615
9774
2501
7486
4357
7432
6196
2304
2487
7666
5154
3660
1763
0072
8894
5684
3588
9655
9929
1842
6602
8535
8124
4426
9239
5793
2093
9092
2953
8232
9992
1412
4366
1563
2862
2232
8836
3844
7649
4465
4264
5333
5319
2173
7691
0216
5707
8198
2579
7587
8250
8716
7932
7630
2624
6133
0918
6539
3170
4585
3536
2499
4079
8021
2372
0363
5482
7190
1051
0509
8153
8528
8898
5049
2934
3075
5072
7471
9747
9145
4477
5228
9464
4836
2491
5011
9998
6720
1194
0325
8588
7437
7204
9366
2956
0577
0569
0450
7271
8541
3372
9527
6070
8827
9549
7065
9281
4247
5282
8130
8781
7655
6141
1141
1284
0484
1364
8470
2477
9172
9205
6461
2437
4189
2937
4830
2167
6437
5442
5509
9470
4437
2229
7548
6881
7251
6312
2425
6961
4145
8678
9848
3233
5623
9717
0109
1088
2037
1668
6682
8435
8548
3073
4354
3415
7935
3924
7792
9069
3491
5829
3762
3213
6866
3800
8174
9679
5169
9216
4790
8838
2474
2182
5546
3281
4319
5735
2115
7369
4726
9946
5470
2134
3868
4036
1676
6519
0800
4884
1656
7578
0119
0367
5341
4224
4915
3082
0951
9185
7735
4853
6757
8523
4860
3037
7764
1169
5102
0631
5667
5930
8642
5260
0933
4737
8039
2853
2742
2910
4747
5202
4384
5417
9068
7033
0505
1806
9099
0942
5936
7160
3603
0039
7776
9785
7060
8553
1489
5895
8004
7589
1171
8236
9013
4987
6221
1249
3096
5234
8977
0991
4677
8206
6848
9056
7657
8534
8020
2808
4606
1162
8015
6419
8792
3827
3387
5296
6383
1200
7184
8487
3008
6981
9073
1959
2850
3976
8879
0286
7534
5056
0884
5124
8770
0882
5135
4926
9842
2917
6911
3110
9009
2075
7985
0806
3346
4469
4664
5747
9541
7012
5485
7933
3866
7210
7724
9413
6431
5923
7264
9276
5827
3464
4689
4653
3837
0226
7543
2886
3725
4328
1634
4253
8352
1332
9292
6538
2202
4059
7345
3211
1715
2206
4250
8307
2811
6626
4472
2353
8622
1974
8262
1334
1752
9370
1687
9863
5323
8893
7978
9010
1078
6278
9057
4543
9265
0078
3637
4828
4390
8090
6776
7640
9188
5245
7611
4516
5916
6628
4739
4625
8363
2127
8858
9950
0840
3351
8285
3482
9154
2535
5452
1462
2526
3301
5328
1935
5965
1020
9189
8453
3814
6746
5235
6826
4016
5316
0362
4785
3381
5340
4654
2000
7480
1380
5746
6865
8733
9357
9101
7031
8518
3330
9538
7403
1378
9253
6771
4744
7758
6137
0838
4197
6037
4392
4499
9993
2327
2928
3180
9277
6608
1155
1431
6120
5567
5119
4615
2667
0965
7901
1569
1502
5108
7708
9791
3201
3343
5019
5795
3577
1827
4812
9439
3761
8947
3808
5823
3547
1217
3316
2511
9199
5396
0310
4703
5860
6544
2484
0958
6424
6778
4955
7721
3822
3554
6426
4114
7538
6642
7300
5209
3022
8209
0850
0881
2782
2870
7728
8872
6270
1674
5237
5240
3882
4261
8419
1898
8078
1018
1068
8350
9149
1322
9736
2702
6513
4879
4132
8917
7349
7680
9243
9042
2929
1015
7237
5754
9784
3425
1775
3526
9273
7793
8913
3570
0011
0773
6210
8154
3602
0101
9802
1043
1724
2697
6069
7505
8907
2383
5778
3205
2757
4886
9018
0370
5184
1328
2288
3426
4978
2695
7945
4155
1105
8803
7494
5556
5107
8131
4616
7871
6932
1345
3690
6468
7994
8149
1297
2648
2570
3280
0989
7206
2887
1971
2360
1331
1080
2062
0655
2869
7884
9757
1212
7477
4924
0124
5407
3858
5585
7278
7850
8083
7145
3765
6693
4743
5140
1191
2473
8423
4510
1595
2610
2672
2756
7580
7801
1774
3129
7574
7906
0754
0102
8948
6921
3606
1918
8511
2067
5736
3715
4922
6971
2888
4486
6333
7004
6858
2431
4627
8957
9489
1768
3682
2306
7818
7049
7155
6156
0814
9838
0320
9854
4923
4724
1013
9283
7069
9193
2891
5091
0681
2444
2315
1107
2149
5026
2807
9383
9849
1765
5788
8602
1747
5468
5708
2698
7353
9672
9006
1603
6734
4144
9312
3443
6017
3636
9051
1731
0552
0162
7658
3132
2255
3204
5560
9933
8244
5144
5465
3416
7877
5093
5929
8410
4159
9441
5066
5870
1859
7608
5256
5336
7015
8042
0334
1470
9289
2851
7828
2701
2416
9568
8939
6473
7225
3191
7775
7384
1179
1816
2798
8140
4829
5598
4352
1557
3285
3061
5379
1585
6298
5007
6104
2670
9807
6272
3747
7820
9692
3542
8212
9215
3395
3877
4972
2193
4191
5503
6987
4863
6288
8790
5034
5265
3405
4897
2571
4336
3700
3264
6690
3708
6552
8969
9460
8684
0892
5181
3363
2949
9245
4474
6986
9008
4275
2095
7506
9455
7039
7020
8564
3772
2633
7301
3498
6146
7161
9050
9828
3537
6025
0019
5257
5063
9995
0791
1607
9768
5206
2252
0454
5675
6677
1743
7766
0283
0941
1134
1303
0863
9300
7045
2959
9981
2265
1066
4520
6097
4116
6169
0462
9416
3179
9885
0781
4858
9417
0825
5953
0535
2527
3750
3077
0680
1061
4044
5490
8595
2036
0805
5069
8283
2749
1866
7261
3021
1973
6018
7968
3018
3038
6324
8590
5920
1360
1706
4656
9919
0638
8205
9699
9343
1798
6583
1497
4409
0339
1521
9488
1663
7442
9388
1168
9190
1977
6942
7830
4252
2287
2882
5874
3541
7246
3680
2619
8334
9399
0061
2234
6891
1609
7154
6190
0566
6110
0997
1340
8180
6271
4069
5674
0402
0435
3512
1469
3314
9117
6287
4002
9079
3439
5604
0543
8668
3373
9284
0318
9286
3324
2012
6663
4305
9296
6450
3863
4759
1584
5908
4434
8315
9956
1206
2776
6280
8377
1053
5227
9474
5095
9653
5800
5857
1123
4597
1365
9263
5148
4220
9766
9865
9492
5269
1606
8912
6261
9776
1871
2219
1793
4523
6670
0245
6807
9080
2868
2823
4226
0581
3850
6836
9550
9298
1678
3374
2299
2664
8796
6982
5672
2376
9867
2004
8681
0866
0593
5116
9557
2809
6871
1205
3584
8676
4910
9673
2673
6840
9570
0934
1627
8041
1809
7662
4122
6457
9144
7921
3931
7284
0732
2485
4995
2094
6926
7418
5506
2909
6260
8483
8777
5351
4532
9710
1052
3586
5853
6846
6692
5831
8750
4314
9677
7396
7338
8143
0453
5559
0117
8184
8234
5618
3200
7183
1006
0968
2164
5164
6382
5167
4271
9422
2439
3274
3501
0183
7042
0477
6639
6130
0044
5454
3719
3014
6329
8036
8066
4500
5986
6898
8106
1949
5614
0057
9250
1054
4612
5057
1831
6657
7521
4470
6660
4898
7322
2625
3965
7379
0572
5320
6149
6085
1449
6838
1573
2995
2463
4675
6010
7153
3503
1347
4649
4687
3031
1723
2790
4707
7791
0821
2453
0975
7473
1686
0913
1881
4604
1136
0799
1591
4775
0331
2834
1094
0298
5798
8405
0830
1883
2218
5037
5809
2246
2686
2026
0995
8195
8092
2335
2564
7969
1176
4023
1238
1629
7826
6219
8713
2032
1421
8379
4221
1186
6675
7460
2636
9967
7878
1746
1819
1750
8480
9824
6535
7827
2988
8934
7638
1782
6635
8127
2691
8416
7529
0919
5934
0188
7685
8765
1023
3043
0356
4230
0306
0150
2587
1287
8599
3681
5702
2271
4969
9899
2656
6204
1608
1931
7240
4004
6536
5301
1467
6882
1716
4077
7227
6099
3184
7687
3677
7920
0233
5472
4487
3376
7297
7129
5491
7337
4902
0459
3326
5720
0175
1008
5384
9485
9134
9237
3944
9979
9630
0478
1660
3412
1216
1574
1879
1159
7120
7202
0931
9390
3905
3329
6463
6950
4704
5158
6371
5089
1901
0382
4344
3052
9900
5689
3527
6399
8084
0440
6222
0201
0132
7959
4508
2461
5761
7430
2388
1115
0656
3758
8757
0742
7504
7518
4940
7845
1426
2806
0792
7799
8014
1532
3528
3665
7025
8586
7778
7916
9973
7853
2281
7292
3915
2846
0893
3521
5964
7320
3830
7526
9668
2729
7419
7625
6701
0004
0902
9814
0488
6770
4458
9192
1004
6183
5786
7550
5961
7528
5832
9754
4528
6500
0372
0538
2445
8197
9740
5064
6655
3610
7450
4579
5289
6194
0843
5946
6314
8228
3230
3566
5792
7061
2803
4142
4408
4555
6622
1713
5713
7325
2922
7417
9988
4356
0038
8637
8408
1300
0546
8165
2029
0397
1327
2027
7530
2895
9600
0588
6427
4208
5944
6360
9536
1830
1446
8896
5003
4588
0016
4613
4447
8223
3958
3302
6249
1992
2085
9179
9358
0185
7043
8817
0986
8576
0753
8238
9980
3336
0431
5887
3408
3640
8755
7289
9482
1838
2101
4000
0515
9477
1321
1632
5117
6507
3651
1868
3478
5152
6316
1129
5334
5001
9772
0721
1803
2845
7924
6756
0981
2397
7804
6964
8714
1858
2529
5643
9175
4179
5224
5884
7402
1499
1122
2943
4974
8316
2932
9762
8584
8162
2132
5458
2237
9626
0056
4091
6226
7597
2213
1736
9571
0451
9769
9019
1210
3305
9211
3159
3548
8304
0343
3007
3228
8497
0541
1538
2721
2919
7476
4777
5425
9064
9622
1737
2824
9613
2236
3927
0860
8791
6264
7992
3828
2247
0284
5252
0167
7965
3737
1887
0993
6436
8203
4943
6325
0203
7889
4102
7569
6928
0264
9212
5009
0081
9054
3650
1870
7175
6024
8204
7896
9021
8318
5563
7806
4196
5781
4052
4446
7834
5427
0658
6510
2365
3759
1140
8715
8393
8900
4950
4236
1234
5737
4780
9500
8121
4505
4816
3984
4295
5924
1047
7196
7490
6073
5611
4524
4937
8431
3987
8806
6549
3955
4586
1980
2720
0354
2828
7203
7427
6304
1545
3729
8048
1602
9227
4811
8401
0442
1252
9822
1282
8650
9517
7727
2801
7267
3156
1964
6821
6968
0023
0428
1960
9207
6629
4160
6417
6445
8305
1325
9043
7546
4421
8773
3639
3057
0796
6026
6743
5701
3675
6240
9330
4346
0232
5253
4904
6158
7684
1131
9687
4806
6852
0022
9100
0300
9510
7596
2460
1096
2108
3265
0696
1751
3786
2812
7295
3628
0778
1451
3852
8905
9375
4651
9374
9103
0214
1026
3544
7421
0381
4411
0207
3658
3860
5075
5518
5855
9198
0783
2641
9845
5042
8711
4905
3027
1708
7057
9799
2305
5718
1707
7981
4753
9443
6334
6340
7475
6851
3975
8467
4151
3354
5304
1891
8358
3070
2285
2700
1475
1956
4804
3773
3375
6754
8937
2347
8938
0645
4092
9347
5632
1203
2131
0096
5272
8073
9951
0473
8910
0797
0831
6996
9063
2605
7474
0932
9801
7755
5768
2833
5879
6326
0251
0196
2704
3560
7469
8109
0144
4527
7259
8219
9599
2203
5299
3626
8660
4594
1226
2768
2574
3477
6976
2976
7408
7303
6572
6653
5295
9373
5371
4229
6195
5573
6700
2694
3696
7592
6290
1163
7942
2865
6448
5748
9075
9104
7848
0728
4186
0512
8248
9454
6763
8943
0344
3615
1754
5254
8555
3171
2262
5851
0238
7647
3398
6476
5627
2495
9410
2021
7695
2593
5969
4206
3623
6408
7332
8561
5994
4779
8800
3740
3985
1877
4770
7568
6759
7478
8503
0604
1885
9632
0595
8463
2432
0579
6889
3697
0161
7855
8690
1024
4630
0531
3178
9646
3504
7441
0621
3209
2738
5129
0452
6716
0296
4867
4784
9342
9428
3492
2784
6596
7144
7222
7603
9184
1221
8179
8308
6934
7185
7327
1855
9586
3470
7466
2927
6738
7172
2404
2941
4587
4066
5331
5926
6089
7104
8455
7893
2591
4315
4257
2326
2631
3270
8185
6873
0630
5687
4850
7639
4170
1548
8732
9576
8852
0206
1506
8446
1593
1665
3279
5949
9371
5940
8573
8801
2522
4540
5661
1958
2835
6749
4556
5719
9706
5835
9693
1272
6610
5658
5670
2361
9936
5498
9529
2140
0068
3878
3524
9892
7119
4017
1184
3102
3571
0703
4730
5288
5918
7519
7860
6537
1359
4716
5988
7672
9976
8129
5502
6397
8727
7053
2915
0181
2582
5849
5998
8522
3449
8056
1738
7164
7423
7523
0148
7910
8146
6995
5200
2436
6651
9874
9195
8976
4558
2601
4027
1628
0384
4921
3634
6361
3145
2278
1718
7754
8097
1860
9806
1414
5416
6351
3315
8613
9224
2122
9783
9255
2498
0737
7524
3662
6387
2974
3862
1991
8521
3999
2989
0184
7315
0570
9180
2033
7923
0003
0263
2543
4835
9875
0194
6394
4280
5322
3649
4658
9544
5822
5087
4791
7266
8252
5514
8406
4342
8980
1854
4148
8993
5979
7309
0974
3657
2924
9897
4090
4875
6122
4657
5698
7148
7895
5608
9800
7989
3909
6501
9228
3826
4279
5751
8507
1968
0465
1655
6649
1046
4060
8814
6166
7876
9242
9682
1385
3119
3334
0323
0375
3945
7311
9689
5784
1625
0849
1143
5603
4307
6449
7699
5584
6789
4213
8311
7426
4872
0015
6454
9780
6722
7242
1576
4015
0657
3494
4782
9617
8804
8296
7383
5970
8191
8645
9086
3720
2615
6007
2226
8265
5740
8629
0280
4733
5577
7849
0483
2923
2914
8953
9591
8420
8481
0576
2942
5420
6305
5755
8514
0240
8005
2467
4629
0083
3123
3219
1069
6255
7897
5772
0458
9093
8841
4368
0118
5541
6945
2597
3695
4152
3358
3935
3642
2844
2647
5291
2939
4024
1631
3845
5346
8360
9161
3028
9952
9438
9978
3290
2573
0726
8728
9877
5775
4534
2575
2321
0163
8585
1425
9241
9475
1536
0026
2042
0565
0128
6839
8914
3678
8583
2267
6727
2190
2892
3378
9055
8002
6266
4842
2590
2261
4986
4199
9833
0610
8835
9345
2926
8813
9872
0307
9071
7425
1119
5589
2400
0127
5561
8330
0842
2017
3083
8784
2001
6904
5881
0400
9960
3738
3442
9794
3321
4137
1834
6034
4712
0550
3384
4479
8763
2837
7446
3780
0896
0597
5100
3573
3994
0170
9968
1913
7076
1829
8237
3428
9624
7080
2269
1647
3692
4393
9209
0733
3212
5676
8272
4834
0405
6186
8123
4907
5669
6748
4614
3452
8287
8751
8706
1102
8297
8952
7307
1649
1821
4323
2371
8354
9066
9078
6514
5742
1828
5219
5387
0480
8623
8927
0415
6612
4786
4568
0006
9759
3440
5378
6187
3723
1650
2048
8054
8654
7872
6669
7583
6859
0035
7738
4251
1903
7414
5350
0017
4177
2270
8268
9204
4404
1170
5358
1691
2152
3404
1581
6781
8701
8065
9466
2537
4631
3173
5364
4231
2580
0153
8256
2555
2658
4952
8862
9890
8438
8215
1457
5626
7149
8019
4338
6724
4778
1483
1742
6403
2510
1965
1916
9118
7132
3484
7907
3981
6601
1664
5170
4112
6320
9415
7762
1245
3583
7925
0872
2185
3165
5344
3399
5959
3011
0766
8759
9359
5576
3906
4738
0629
3247
8538
1846
1825
4767
7957
7752
2311
9730
0476
4406
5712
6511
2073
0349
5394
2314
5799
9819
6562
0491
9302
5858
4521
3473
4509
4188
9868
0229
7642
3254
3488
9030
5429
6337
0266
1484
5813
6564
6613
0596
6250
7974
5558
0973
8325
7620
6563
8378
8753
3157
6678
8857
0024
7037
7344
3997
6285
2488
4866
3259
0064
8810
1712
9355
0746
2384
6977
2157
4968
0809
9157
7452
3382
4936
3558
7912
4158
8365
3899
8344
8327
7088
4659
3291
4476
0514
1685
3854
9004
9614
9895
3840
9512
2049
7858
7364
9598
3237
3713
4628
7334
8104
3480
3458
6823
8218
8597
8447
7779
6940
4698
8616
5068
3206
6372
4618
0299
6933
0007
7864
5059
9152
4935
5815
7962
4134
5046
6466
1390
6813
4817
7003
4751
7621
2950
5421
9142
1153
7472
2367
8936
4475
7501
3194
9620
4067
0575
4019
3749
8088
9563
4098
8970
8264
8449
4906
4269
6907
1671
5871
7133
2447
5428
6332
8738
2338
6892
7686
2600
0646
4362
9235
8346
6245
1441
6258
0875
2363
7891
8990
3641
6545
3948
0427
3742
6090
0131
0584
1326
6752
4360
1630
6050
7831
7108
3463
9906
8468
1185
8708
1997
7613
8281
9301
0740
5188
5418
9916
7180
0230
7434
5681
8778
8466
9363
9191
0046
6482
2407
5521
5538
5338
5962
0586
6571
2392
0529
5487
0139
3833
3849
5280
1236
1413
4956
4680
5635
7665
5825
8726
0854
8661
9427
5151
9411
7323
9287
6523
2312
0530
0223
0165
5187
3435
8945
0614
4268
6938
6359
9061
7393
3832
8709
5160
8745
5652
3847
1617
3580
6217
2117
5085
5180
9424
5974
1357
4870
7048
9040
3244
7712
5741
7296
8349
6336
6518
2328
2902
7445
9708
3400
6254
1582
9969
2854
5178
9869
7398
1730
7545
2419
6603
8931
9361
8769
9669
1741
1293
2377
8102
1927
0103
0578
1353
2699
5432
4758
8399
2076
6492
3137
2771
7378
8853
1589
3080
3239
4083
2496
4140
9487
3887
5363
7235
8216
8320
7700
9767
5685
8176
8210
9299
1996
4913
6465
5500
8094
1579
5183
9596
1648
3366
8457
4240
6533
9053
8032
8439
2541
7005
0811
1333
3448
3870
8273
4711
0901
2325
5732
4235
6570
3465
4948
5629
8859
1219
5251
9108
6988
1075
2022
2228
8897
9236
7883
7409
8067
7577
1788
1575
9451
4686
0446
4980
2215
8074
9106
4180
8671
3645
3337
1541
8686
0481
4370
9850
1012
0260
5896
3622
5770
9855
4429
1443
9338
9270
0856
9896
7028
9450
3357
3113
0987
1500
4086
1301
5913
6623
5043
8030
4518
9931
1587
6093
7453
6134
4113
3065
7152
2540
3249
5261
0268
3245
9562
3284
2653
7627
0333
7572
8819
8662
5749
9127
2709
5112
5109
9535
5706
4039
1615
9643
5098
0613
6937
9829
0643
8648
8675
1513
7953
9074
6521
6551
9615
8434
3252
7273
9089
6946
5987
1120
0422
5508
6845
1600
9912
5006
4504
0172
0599
7911
9702
4076
1849
7229
6606
5402
2063
1021
7832
3520
5956
9323
1147
1057
1396
4667
9380
4624
1463
1278
4215
9564
3954
9770
9317
0012
3089
5985
4453
3424
8851
2978
2769
7098
3489
5040
6559
9504
0667
5153
9901
1406
5311
3350
3775
2480
8592
4200
2263
3921
6599
5486
5035
1781
4754
7527
9278
3068
7866
7357
4164
5995
2961
3669
1473
0855
6954
8771
4466
0713
4633
2472
2907
6837
5356
3402
8339
3365
6884
7268
1453
3164
3169
3801
3903
3789
5797
8213
8395
4530
7395
4893
5133
3835
5367
6410
8270
5005
0029
9647
8118
7363
1559
7629
1951
2116
4483
7584
8887
0069
5179
6046
0273
0970
8577
1993
3991
0292
5730
7677
4815
5015
6140
6493
0448
8845
3654
2143
9556
1103
2925
3888
4535
5353
2777
4037
0716
6758
2740
7127
3000
2289
8946
0070
8182
7081
6980
0615
4564
3403
8217
6712
0952
4163
4668
9303
7038
4941
8569
7940
9532
2091
8417
0087
2015
1444
5017
8901
4425
4525
6517
0664
7856
6740
5128
6344
3001
8666
1709
1682
9362
0819
8997
9694
5390
0628
1130
5837
0513
8881
9025
0540
6019
7329
8301
8530
0983
3293
4034
4626
3308
4789
3198
4010
2682
0590
2879
8658
2103
4601
9365
0126
9364
1477
6022
2023
9229
9128
9320
5776
2006
9262
6471
7987
9715
5671
7390
8177
3568
8740
3607
1183
2979
3012
6139
3505
5519
3912
8302
8396
3574
3790
6903
9713
1528
3335
0319
5993
8657
3222
7783
0151
9201
2711
3532
3106
9787
9847
4685
0475
9392
9029
6458
4985
4501
5630
7157
4531
2146
2240
7874
1048
2944
0137
2973
3923
2945
9883
7366
0005
6244
3359
3668
2572
1744
7250
2867
5609
6590
3739
3160
1030
2409
8134
0926
4403
1455
1672
1376
7107
0199
6435
4365
2679
7194
8966
2092
9269
1157
8794
8736
6799
8940
1955
6561
8000
5607
1399
1698
1979
0143
7044
6414
6718
2598
1065
7029
3248
0208
0497
0885
3190
3262
1104
6802
6913
9688
6331
5836
2047
5422
9839
6380
8105
1254
8107
2224
5925
7141
0888
3579
3086
7814
8802
0564
4233
2396
0469
0891
7927
9846
7837
1914
1192
6171
2556
2577
7212
4607
7136
2464
8007
5053
3287
6957
8243
1386
1939
0522
5419
1705
7487
2519
9948
1684
5255
7481
7115
2172
4308
6674
4085
9165
0898
1611
3694
2087
4881
9575
2688
8011
1124
3371
4273
8494
3531
4282
2877
3154
3676
1543
5078
8968
5960
7567
3066
6441
5444
7622
0301
2889
5065
7438
0556
4205
8385
6440
9583
5052
6509
1844
8120
3391
4797
6064
9457
4109
5972
8047
3900
6902
9274
2842
6705
0676
2264
9163
1307
2344
0683
8924
3185
1791
5549
7254
3873
1863
4375
8469
1213
1728
7171
6914
9945
3411
7787
9910
3217
5476
4547
3447
1251
4391
7205
5213
0211
6484
0316
8500
1361
4211
5405
0357
9044
1890
5568
1407
7198
1116
4671
5450
6495
7493
1620
4914
9803
5637
4582
2291
0691
8299
9294
4318
9584
3724
5398
2772
3481
8359
6525
8331
7258
9590
6929
6592
9015
9697
9403
4065
5467
6378
5382
0697
5507
3805
5136
0336
4084
6116
9696
8345
2666
3768
0587
0520
4620
7021
1544
7468
4149
0536
7743
2760
5587
6782
8788
3867
5574
4322
7276
9491
7812
5310
9555
7032
8762
6698
7626
9478
2684
0294
4964
5999
9259
8200
9468
0500
9084
5597
1577
8249
2089
4660
8596
7125
1189
1466
3942
1329
8766
9168
3856
5404
2520
9397
8376
0123
4258
8433
1917
9045
3441
8837
1038
7692
5759
0479
4410
5176
7693
4416
3732
6202
8441
9016
1836
3457
1274
4035
9393
1366
4669
3288
0600
4841
5315
8461
2401
3617
2284
9879
7188
5515
8040
0985
9200
6307
4931
2594
1079
2056
4748
5912
8079
3130
4565
3367
0366
5393
3158
1921
0074
4805
4873
5312
5539
1395
9210
0000
1404
2382
1178
8018
6645
2903
0511
3155
9648
9114
0605
0050
5414
7464
5935
2765
2455
2642
3111
0464
5386
6922
4960
0045
6908
1294
2332
0193
0369
0585
7749
6842
0969
6108
8312
7715
1869
9314
2082
9234
5968
2616
2479
7177
4407
1005
6084
9221
4394
9603
5937
4846
2053
1128
4619
1172
4120
1689
3394
3563
2965
1889
7143
6135
2362
2462
2817
3555
4575
1338
4776
9105
9921
0839
8875
7711
0076
1578
1904
2762
4246
6434
9003
5273
0707
2398
2046
7249
7374
4617
8959
2079
3534
6624
7786
7955
1670
0348
7056
8436
4862
4638
5734
0651
7998
5922
5641
9633
2083
4546
5480
9257
4908
0278
3060
2912
9453
3446
5054
0330
1092
5875
3385
7516
1886
2112
1910
0386
9907
3016
5477
0921
1610
5580
9442
3236
7706
8144
0152
2181
1352
0401
0467
2620
5433
9011
9307
9820
1060
2795
6594
1820
5406
5602
4554
8510
2028
1535
9261
3459
1761
2478
5914
1408
5548
1893
3907
9893
3450
4055
2826
9223
9522
5501
7067
7380
0890
8275
3148
4234
5381
3250
7582
9041
3076
2317
0093
8314
8293
5314
7753
2947
4982
8682
7009
6793
5174
5867
0314
4756
5123
5950
7281
5218
2622
4845
2558
3920
7759
2386
2764
0090
6849
8543
8612
4283
3361
9348
3925
5277
8035
5031
7255
0568
6319
4740
9519
2497
6825
5780
6822
2471
7346
1313
7142
3919
5303
4990
1211
2569
4491
1934
6367
8306
3519
7902
6810
7926
0309
9619
2051
5499
3417
5890
2706
3476
4645
4896
3957
4963
6189
9518
5044
3597
0272
1874
8055
7262
1248
2906
1590
8746
5408
0788
3234
4891
6764
8386
8562
3356
4349
3809
2259
0027
7746
3429
9382
9743
9821
3836
9745
3243
7064
4130
0192
1070
8499
6733
8764
5290
5113
6893
1377
2412
7055
7105
2119
9678
7599
3124
3990
2657
9037
2504
5446
5622
8744
0066
6591
7879
8824
7350
6761
2873
8822
0905
9121
9975
5104
5876
0911
4727
9389
2072
8267
0641
3871
2204
4736
0063
8403
7420
6532
4697
7988
0258
1035
6643
7980
0136
4848
2290
8478
2223
6935
8171
5569
9796
9996
7050
3766
7770
7575
9137
3776
8017
8422
6877
5529
4871
5861
3523
9091
5083
2500
5349
6731
0482
0426
6433
1796
8284
7385
1288
2355
3035
8415
7694
9059
9014
1732
6262
0648
2958
1405
1704
1501
9385
6062
3625
8705
7220
8064
5248
5424
4802
0295
2515
5365
3659
1109
4635
4734
1493
5423
3701
9553
3533
5475
9674
6282
9213
5996
5147
1748
3058
6503
7079
7836
8119
6540
1957
3756
4278
6029
5010
1175
7439
7275
2668
6031
3348
5616
7956
1089
8604
8582
2802
0959
2451
4832
6364
8201
9280
4818
8101
0594
3193
3427
4361
8828
0228
2585
6038
3257
2874
8531
5527
1527
2542
3633
7002
8443
9676
4222
2071
7594
9012
4719
1680
4706
9539
3100
0200
3047
6737
7483
4760
2645
6404
3192
3380
4260
4369
8974
5077
4903
8685
1440
1487
1267
0912
3791
5461
1677
9461
3706
0507
6811
8462
0996
2258
8860
2599
3333
8418
4228
0946
2292
5505
2878
7936
8526
7970
6625
1880
9858
9143
5891
1986
5084
6300
9516
5438
8298
8864
5155
0871
9378
2766
7467
2689
6872
0220
5410
5610
8568
2390
0815
7986
6970
6042
4302
7010
0028
8665
9572
2836
6732
4018
0669
4526
6953
5074
7415
5226
2010
0865
2677
9888
1112
7351
7557
4833
7114
3910
4238
0994
4093
0014
0157
3118
6142
0037
3961
0486
5621
6713
8527
6439
3815
5172
6252
9732
5902
3352
5431
7802
2343
1861
4506
1025
0649
3266
3760
1062
0429
5510
9502
4266
0869
1086
7326
7444
5462
0317
5711
4293
6151
7533
3344
0265
1209
8207
8932
2665
6489
2394
9238
6894
4580
1537
8278
3088
0395
1558
8199
4099
1001
1616
7147
3661
1554
5354
4844
0618
4462
1016
9731
4417
9445
4824
3462
4061
6790
7539
9918
6136
5132
2987
1613
7999
2238
7400
3734
3275
0984
3718
0416
4916
7785
1882
9771
0785
6779
2714
2821
5332
4156
6745
8923
8737
3956
1924
4745
6531
6077
0895
2336
1915
8181
1512
5163
3785
2968
3260
7352
5524
1697
2554
1529
7868
7734
9989
5138
6192
7502
6477
3210
4364
2952
4339
6306
4125
8046
7673
6268
8876
8798
6341
8450
4183
2550
3717
6132
6814
2207
1247
9744
2508
2298
4859
2421
8279
9499
0616
6947
1572
5030
7416
4119
5723
1675
0086
9830
8459
9267
5990
9530
1059
2820
4876
4721
8394
8525
3140
9116
4028
4131
8061
0694
1940
5399
0052
6994
0528
0098
7216
1925
3707
2235
6723
0031
0682
4068
8071
8664
0786
2559
2661
1137
6787
2369
3782
2595
5921
1152
6605
5966
2991
3500
2184
4400
3328
9337
4094
3040
4455
9997
0293
0261
2061
9795
1166
0190
2197
0555
7671
6091
8356
6256
0380
5168
5242
1780
2982
2637
6469
6168
1735
9097
7761
0470
1273
8572
9954
4548
1401
2118
6587
4033
5325
1033
6432
1878
4419
8552
1933
0943
5816
5911
2687
4984
9639
2855
5941
9651
6301
2169
2746
9521
4195
6247
7462
8929
3564
4490
5774
5967
8482
4187
3933
8452
4345
7542
1253
9146
7844
4340
6664
5731
5478
9182
8989
8741
0493
5980
2446
7790
9462
8712
1233
7748
8491
1840
5530
6630
0018
5901
9334
1758
8985
1653
4497
8811
2209
9311
7633
5758
2468
5516
0601
6123
2356
8241
7117
2707
3539
0938
4492
6036
8254
3778
6374
8328
6714
5149
5451
1850
1320
0608
3992
6335
7618
9336
8873
5615
5540
4153
2815
6103
7355
5105
4989
7358
8464
4162
1343
6027
8607
7514
8024
5483
0385
2880
1230
2044
9928
8797
9817
0234
5955
4358
6002
1496
5185
5276
9585
8919
8652
6385
7011
5844
7169
9716
6201
9473
9377
9686
3107
6901
6078
5266
2578
6864
3973
7387
2920
1077
1783
0607
3320
2623
7645
4949
3294
6456
0107
8761
9755
0441
6444
4599
7731
5436
4456
0241
4670
9400
6474
8189
0036
5599
1447
1317
8626
3819
9032
7233
7013
9582
9160
3834
6296
5945
7555
7106
8994
5441
7328
5466
8580
5208
6652
8398
2170
4175
5448
9436
0859
0285
2728
9841
8049
3269
4934
8326
7554
5395
9150
5292
8429
4933
3126
6809
9486
0042
1214
3493
5278
6818
5360
2970
7507
3951
5647
8704
4212
7399
3497
5270
9804
4161
8190
2735
2465
7214
1479
0147
9169
0717
4103
3025
4313
3861
8958
0862
0376
1049
9634
6717
2429
0159
6567
6659
5343
6148
3256
7224
3196
4600
8890
6766
3928
7101
8546
3143
9432
6396
2379
0767
2678
4557
7265
8680
6322
6386
9467
5601
1304
1843
4332
8886
0899
7156
1702
5620
6611
8547
2339
2538
4025
2334
2534
5762
3710
9650
1279
6303
0789
3216
3072
7305
9903
0267
8855
0279
7784
6207
7541
9750
0391
3540
0414
7179
8332
9917
7606
5130
3883
7269
0113
2866
3673
0237
4822
9139
8025
8723
4796
0602
2884
7961
3763
7016
2669
4507
1375
2894
1454
5525
3831
3793
7573
3364
2481
3711
1465
8758
2352
5872
5752
1692
0275
0097
8589
3331
4080
8774
7236
8565
5744
7918
3952
4478
5114
8647
5794
8874
0636
2635
5771
2276
6673
8587
3565
0553
3295
1892
4012
2253
9949
2883
7741
0141
1417
9851
9368
3460
8322
6087
8846
5537
4298
4710
6767
1967
6003
9325
2516
4883
6654
9915
1696
2783
0130
7335
7560
4185
8414
6400
2951
4387
2080
9790
4367
9914
1132
2703
6711
0142
6741
6381
8571
6318
5767
7360
6043
5203
9588
8192
4300
2732
7963
8167
4695
0744
6464
6906
2718
8208
6574
7008
9908
1756
2030
4289
5383
1622
1729
4402
2893
4331
3572
9351
0287
5697
7077
1797
5942
4399
5595
6128
0956
0743
3268
3289
4471
1292
3115
0030
5033
8247
3744
1942
3587
9177
1745
3693
3929
4717
8493
9082
3189
5494
5830
1862
9208
4971
7084
8068
0977
6229
8168
5892
1403
3003
8915
5106
0841
3535
7652
7095
5139
4395
7124
2872
4430
7795
0698
3142
1259
9376
2990
7174
5679
8830
8300
1337
3794
8870
2584
8609
5041
5714
8895
7995
1588
4073
4209
4070
8128
4371
5145
5943
4009
1876
7359
2133
2148
6568
4263
3575
4549
0062
2141
4333
1074
0826
4442
0447
5919
7401
7840
3172
9705
7602
8834
8625
4894
1437
7137
7167
2567
3506
6516
3258
8639
9959
0620
8085
9446
9203
2705
5889
6909
9548
9937
9991
6702
3688
4115
4795
4799
2708
8292
9659
9671
4765
3806
0519
2805
2211
4174
8742
5190
9109
3599
5696
2013
2188
2725
4942
0189
2750
5263
5413
4589
8606
1461
2041
3393
3943
0661
9811
9925
4327
3136
4529
6747
8504
6083
6918
4674
2753
5131
0923
3050
6827
1693
7228
5029
1764
7173
6527
4788
5101
7950
8999
3614
0947
1315
1291
9305
1448
5756
5250
0383
2019
7698
6694
0506
8269
1118
3735
6223
9971
9711
7165
1658
0686
7944
4041
9458
2964
1146
1875
3664
8342
2899
6390
2608
4820
5357
7713
3853
6499
5526
5817
2180
5171
0191
8220
2043
9862
3971
7984
7371
7767
8183
8362
3609
0861
8052
0420
3770
6526
0315
6855
1173
2189
6546
5392
0723
8141
9433
5471
8904
9119
8091
4947
5497
9001
3112
9356
4678
7559
6735
5067
8392
8309
0304
2789
5493
9387
6157
0051
2128
8038
7027
4591
3989
2957
2297
6620
4939
5550
6102
0048
3714
6231
9304
8409
6044
8861
1807
3932
8986
1688
1422
8135
3431
4167
3538
0305
0738
2034
5915
0848
2483
5866
0663
4569
6920
9505
3911
4991
5828
8519
4489
7381
9707
5646
7293
6487
1912
5808
3517
4938
9435
3032
2245
9920
2187
4089
7508
2589
3995
5619
1739
4973
0197
7496
1999
4382
6725
2602
9020
6974
0361
3095
8533
6366
1792
3406
3296
3472
5115
8767
4551
3139
4840
7461
8842
5724
8722
2693
1356
7368
5103
0335
0622
0149
1289
2876
9206
4428
8277
7823
9628
1734
2300
3263
6206
9934
9297
1722
7709
8096
8752
0537
5975
8173
2324
7719
9398
6529
5439
9159
1308
4325
1787
0178
0935
6983
6524
8381
2586
8551
2617
6159
6349
1113
7339
2433
5099
0080
3699
2908
2208
2231
1296
0903
9670
0714
5898
9889
2241
1826
8076
6786
6967
0777
9955
1227
0763
5699
1504
4954
3569
2734
6076
5572
8667
9836
7000
0542
7422
5055
3092
1382
7252
3953
6323
7903
8072
4538
6943
0876
8603
1073
6512
2566
0134
9878
2156
0887
3507
1926
5566
2098
5014
9095
1571
2969
3509
5665
0218
8387
7661
1583
6543
2997
8651
4742
3161
8601
3516
3479
0246
0718
8142
0252
0775
3307
1762
6096
2165
7099
3255
8411
7023
4517
5036
0312
2604
6582
2901
2561
8829
5807
6506
7807
6993
7286
6820
0082
7186
9735
0176
4545
5586
3306
6614
8472
0625
1387
7298
4709
7612
3970
8549
4299
6715
0353
0674
0508
9360
7109
2031
4412
1769
6350
2260
7570
0495
5688
8489
2200
2040
1402
1714
9911
4643
6011
0092
2423
2150
0708
4623
9162
0389
1064
8620
9094
5375
0627
2274
8484
6876
7199
7247
2649
9594
0795
5564
7465
7537
9886
0567
4133
8485
4334
3020
2016
9823
3468
9290
7983
6257
5474
9126
6299
6197
8424
4053
2685
6112
0700
3059
6619
7682
2547
6277
4640
6269
5186
2166
3176
5409
7170
6541
3122
1564
4621
7063
2778
1223
8058
2774
2603
6955
9943
0297
8428
5882
7406
7377
0328
2852
9913
2038
0242
8231
9623
8854
6345
2744
5766
1486
8730
5096
0224
9741
6243
6459
3567
2440
1733
1498
9884
2655
5859
3959
6788
7178
6198
5811
6641
4343
2330
0712
0878
4095
0548
9155
6885
8221
7391
2216
8413
1777
4135
1388
5862
5819
4337
8051
8347
1856
8697
5345
0406
4592
3851
4448
0088
4559
4049
3033
9418
2905
7931
4598
3299
3896
2139
9637
9698
1540
4981
0677
3591
6235
8963
9664
5329
5469
7512
9947
2160
5204
0916
2933
7072
1567
9501
6491
2144
4925
4874
6127
5640
0769
6145
3787
1100
6253
1757
0611
0685
1948
1056
9644
2126
6648
7054
3094
1384
3224
6060
7511
9346
0106
5097
0633
8574
3231
2422
0034
0423
8743
2544
7221
5125
2512
2159
9222
3223
4484
1255
2818
7058
9540
5045
6238
9526
8001
0277
0679
1909
4454
8703
0668
9295
9153
2114
4335
4445
6115
8619
1983
6172
3679
3820
2551
4708
2996
1995
4856
0844
1237
7972
5834
8820
9932
6646
2060
4593
7321
7829
7846
4993
5318
8844
9379
1911
1145
3036
8843
9088
2251
2406
5279
6496
7862
4312
9641
0095
7593
8795
3420
9642
3666
3133
3884
7745
9449
7093
9124
3557
4792
1604
6708
6443
1510
2759
2282
6557
2630
2370
5342
5840
5372
3753
4255
1039
6978
3703
0944
9760
3977
0122
5694
8965
7489
8045
6164
9509
5552
4317
2755
4573
1394
7022
7990
0368
5613
8825
5664
9684
2162
1442
7900
5453
6160
2621
7991
4435
0443
1800
1354
5376
8995
1637
8935
2816
2904
0824
9315
8050
1097
7544
4105
2863
0851
8159
6276
8227
8821
5070
3251
1776
8885
2896
6975
9881
9887
4488
8086
7821
3087
4276
6550
9924
6666
5080
9939
2154
2513
6407
1207
6927
8492
6203
2482
5617
1839
3916
1530
1561
3277
3423
6447
7996
6388
1975
0692
8122
0706
1246
5222
4957
6685
0870
4047
4181
6930
7324
7090
7851
0394
5126
4326
7491
7182
5236
6615
4281
4270
9372
6958
5517
8075
1316
6956
7861
2106
4216
7732
1220
1193
6796
3114
6214
9136
4666
0654
1824
1452
5369
7001
4562
5625
8389
3559
6952
8382
1599
4219
5596
0501
0084
5004
5484
5182
1478
8245
8367
9827
9331
3938
2819
9132
4020
4967
3752
0547
0689
5528
2084
6225
8037
2065
2786
9031
9140
3276
2195
6560
3829
1367
9680
1932
3389
7532
6016
7822
3349
1605
4359
7553
3630
5806
8114
2486
1941
7082
8113
3323
0430
1482
9962
4961
9202
3751
2935
5196
9440
3930
4608
5327
6342
5385
4869
6279
5553
5142
5868
4309
9546
8430
2546
8524
8720
5655
6451
6106
6281
0524
5654
2723
3979
9942
6079
0709
7654
2859
9130
2864
5210
5883
0418
8807
9349
4071
5570
6794
9381
4414
2191
1460
1808
6330
5790
0411
5544
7952
6147
6155
9268
4590
2111
6681
9214
9788
5191
1235
1195
2286
9506
8878
9244
4769
6900
1010
5205
5238
5715
7659
1533
5038
9558
2652
6030
6916
6997
3686
9727
1961
6772
9559
6224
7867
3029
9616
7833
2064
5743
9490
4436
2505
7085
9938
7929
1518
6343
2960
2983
4966
3162
4512
4983
0957
7365
6534
0424
1669
4288
5952
2320
5562
9861
7193
8233
3131
7549
9595
7664
3109
2986
0640
9718
0489
3103
8856
9254
3908
8891
8544
0727
8560
9970
0900
6125
9197
5802
3611
6063
9350
2549
7913
9870
6736
2545
1989
9844
0326
2438
7302
3656
9660
4958
3632
9777
6931
1150
6352
1295
3898
5535
2748
1749
2618
3455
1225
8246
2644
0837
5992
9751
3978
8687
8295
1612
7616
9249
7410
9039
1690
8679
0129
5459
5532
5847
2643
8889
9174
9332
1090
9985
6021
1539
4887
0303
4294
8103
9753
8108
1580
9077
2129
8400
8621
4104
5199
6313
6959
8388
5542
9972
8099
9024
9102
6753
2230
5644
5283
2568
5022
6098
9256
9579
3261
6508
7176
3774
6638
5645
0592
1286
5869
4553
0532
4110
0378
1719
6924
0434
1848
3414
1271
1888
9151
0883
2449
9471
9609
1950
2930
0582
0904
5933
7361
1397
5249
0879
7536
9052
3064
6671
7509
7781
5297
4729
8501
4058
8175
3099
8698
3127
6637
2671
7367
8151
2539
0563
4825
3683
0955
8100
7336
1943
5211
5259
7454
4945
4418
6413
5791
5951
5547
0924
1468
2239
7563
6683
6548
0437
8902
0972
5437
3317
4239
3006
4771
9046
6695
4838
3934
7112
7046
3598
0894
2248
2337
6883
2354
2998
8972
6896
4290
6167
5348
8643
7201
6273
1000
4882
5703
5833
5110
4306
5373
3383
6420
0768
5305
8380
2205
4192
3286
6293
2430
7087
9085
2730
7710
7863
9258
0652
6251
3304
0110
1228
6869
8988
1138
0322
0757
0822
1640
9480
9935
0327
4157
1937
6182
8520
2494
7547
5838
7609
8717
1244
4715
0253
7624
7412
9479
2860
6075
3733
5380
2827
0221
9941
4248
2074
7404
9930
7319
5624
2999
1720
4244
6354
7771
7768
5520
4761
6111
9909
0979
9652
5971
7340
5241
4072
1905
0868
7641
9778
8739
1895
4439
0154
7631
7330
9306
3855
7428
7291
0988
9181
1570
3434
9880
4013
1488
8921
6067
3174
6082
5846
2104
2301
0823
6315
0816
4432
8477
9964
1923
2107
4655
4443
4178
4451
0889
5588
7722
0377
6573
7585
2283
3144
4662
7899
8692
1897
1725
3327
2980
3605
6963
4801
6706
1699
9476
0813
7847
2003
8812
2319
6239
6423
8112
7280
1509
3549
9629
3731
3220
6363
7312
5805
0864
4006
2921
0254
5401
4081
1348
4088
6522
8633
2489
1694
0021
0177
8815
9701
0770
0276
4218
4550
2638
6227
0393
9448
4415
0460
4920
4768
6775
7751
4243
6709
0917
0920
6485
5111
7218
8581
0635
3746
3369
7535
1034
2194
5725
9423
9090
8303
4880
3116
2045
6662
1190
7562
2322
9217
8718
1644
0227
0412
0829
6634
7842
5492
6185
1970
2858
1383
8225
0731
8754
3702
9324
2814
5012
2257
4383
0341
4851
2227
9894
8789
9279
0249
2161
7915
5779
6389
0561
2530
9494
0673
2674
0908
3643
2758
0794
0262
6868
0432
0187
3496
4868
7805
2560
9815
4632
2109
6586
0834
9545
9386
3996
4766
4783
8554
4849
6061
6184
0598
6803
3108
8010
4225
2413
1028
3044
4503
2931
1098
8847
9112
9704
3811
7375
5062
9649
2020
5061
8756
6895
3422
2840
9321
5796
5579
9087
6126
9513
8080
1480
2804
9412
1346
9601
8941
6015
3150
7238
7586
7413
4622
5134
0332
4171
2268
1657
9683
9764
3748
2506
1552
7456
8178
3511
3054
5722
9832
5691
8081
2009
4571
6751
2151
1953
3461
7376
5906
9765
0219
6597
6897
6575
4519
8335
3069
8169
2342
8158
2348
0089
2014
4641
4826
7272
2358
7459
0321
5397
7102
8402
6362
4431
8317
3972
9665
0040
2011
1160
8251
6647
6302
4389
3147
0710
4749
1311
1231
6086
1673
7123
7341
8271
1560
8115
2244
6566
1158
4725
4988
4463
6284
5947
0111
6310
6890
2761
3298
8137
9635
7663
1491
2427
3183
9017
1618
1514
6874
9739
0526
4127
1857
3370
2581
0583
7071
9456
2137
8508
2294
2329
6835
9034
6847
3960
5284
6358
2198
4502
5002
4693
6308
7484
7773
1551
5899
9602
3525
3272
3792
7017
7215
2563
4284
0108
7808
5760
4702
7394
8627
2660
6056
5522
7018
5657
4363
5025
1344
6505
3926
6488
2411
3163
6703
0780
8849
9597
3187
5162
6004
7930
9891
0291
9825
2731
8023
0212
8783
8539
7623
8336
4198
6998
2233
4106
7110
3843
3947
3475
1215
8880
1085
4864
6418
0274
0425
8407
8908
8475
6819
5777
9176
1464
7168
4022
5177
3093
1276
0156
1198
4214
7841
6800
9592
4681
4794
8515
8683
1355
4374
8735
6966
7948
1433
0387
2875
6425
1391
4457
6684
7803
7993
3998
2058
2279
0701
9605
2552
1419
3004
7683
8202
0308
7688
0373
4515
8490
1614
3438
9503
3053
1265
3515
2124
6910
9761
2675
6174
2726
6478
6234
6498
2178
5963
6792
2417
4927
7811
6960
3594
6739
1592
7591
8266
6984
3816
3471
4176
7854
4581
2331
8329
8926
4746
0492
4107
7951
9982
0364
0337
6577
2507
4008
4911
2737
2796
0231
7632
0155
0687
0417
0463
5463
0666
7074
3208
4821
8669
6985
4304
6944
4207
0748
8903
4129
6497
9726
9826
7086
7150
4696
0603
4901
7705
6595
6294
0140
6241
3390
0954
2410
0217
0257
5443
8440
6161
8786
9675
4194
4694
0135
4265
8070
5285
9275
6338
3824
5090
1785
2381
9248
5193
9469
3698
5628
3063
5653
0827
1232
7333
2680
6101
2097
4861
5989
6621
3891
9831
4574
6455
1847
0359
9554
6831
3235
0243
0751
4118
4494
8677
1201
8831
1032
6632
9472
9636
3121
4493
9511
0013
5591
4184
8540
6059
1314
2493
0247
7894
5958
7908
8780
3152
1290
3409
9027
1084
6728
2171
9122
7973
4852
9129
2175
0195
1661
1945
4422
0704
7443
4609
5495
5571
5957
7697
6162
8882
0474
3510
6193
8222
7498
0759
9328
7030
1127
8348
0702
5377
4303
0940
7707
3297
5894
8653
6118
8906
0762
4595
5931
7947
1270
0449
7111
7217
1641
3041
4885
1266
5581
3940
4074
3922
0116
7566
9542
1818
3674
8155
2142
5651
8823
3601
6020
8702
4793
9873
4172
8747
7226
0798
2596
3227
6355
8691
7285
8559
0711
6915
0632
2881
7689
3914
8384
5217
4603
7304
9252
6689
4291
1309
4320
7914
7810
4385
0079
4772
3841
3360
6797
2639
9589
2217
3671
2357
2557
5820
8512
1242
1492
8087
8942
2199
3238
3125
7166
8257
9260
0455
5032
7122
5939
7342
3013
9552
8147
1740
3046
4639
8093
3754
9577
6357
2799
0271
1928
2349
5938
0371
0114
9719
2715
8372
5812
5557
4286
1944
2222
5631
8136
8631
1568
3474
3433
9818
8069
8509
3621
5460
2611
3453
1770
6259
2081
8370
3595
2646
1815
8188
7890
8818
5511
5347
8057
2457
6862
7244
6353
6762
1341
1204
9341
4809
9723
5233
5864
7763
5523
3368
7835
7306
0730
7078
9072
8949
2911
8082
6658
3319
2490
4944
2779
0539
3592
1635
4855
5873
7113
5765
5293
8110
5023
3105
9196
2532
1420
5710
7798
6636
5411
2050
5201
6815
2293
1562
8598
0407
8884
1972
2792
6470
2839
3153
7139
9834
9496
1873
1811
3986
4450
5841
7789
7716
1753
1371
8558
4297
5243
3939
4003
7565
9640
9354
9752
6755
4807
3397
1822
6395
7451
8983
3141
1281
7230
9560
6068
1801
2308
3221
4388
2310
6795
7041
9033
5639
6504
9543
2214
0999
8291
4154
3767
9987
3589
5856
7739
6401
5821
6808
8973
3553
0877
3413
8028
1011
2168
2849
3084
0365
2612
1063
3797
2345
3620
7880
8338
1982
3726
0802
8868
2470
9002
7257
7348
4946
7189
5391
2938
1445
3936
4217
6175
9187
4423
1058
0115
8371
1324
7898
1565
2135
5600
1542
7316
2898
9508
0928
3590
1642
0560
0313
6205
4854
5321
0760
4485
7118
9038
4064
2640
3499
4373
4401
8556
6965
3486
1930
8460
3993
4138
6593
8456
2754
0853
4819
5583
0133
6406
7564
0765
4764
9288
4732
3757
3704
4296
2441
1218
4124
0498
0545
8089
7714
7628
8611
7824
0886
1042
3421
9120
6462
1700
7979
2793
1867
7816
8163
7800
5359
7769
5389
0158
3716
8062
3804
1299
4045
4701
1037
1896
6861
2309
6923
8517
2531
9083
6265
6475
5121
5693
3318
2318
3604
7482
1095
1835
7140
0623
4827
3135
2366
1144
2333
2773
6033
8170
5512
8696
3818
6607
4126
4688
0289
3721
4046
6697
6398
0302
6948
5051
8013
2832
9425
0929
0736
0776
3097
4929
2791
9700
2136
8375
0978
4998
9958
8688
1181
8839
2250
9401
5705
9098
8355
1339
0471
5801
4292
6969
5787
3005
3197
6479
1667
9871
1031
9023
4011
9218
2713
6962
0403
1050
7976
6875
5648
5275
8605
5355
8230
2138
3396
6246
1428
1258
4259
3730
0472
8863
3451
5262
0756
0880
3340
7610
4996
5904
7859
0804
1430
8594
3596
2340
4353
4329
9156
0960
6679
2387
0612
5430
7457
8160
4572
7436
1424
4376
9721
6006
6773
8674
1370
8649
2717
7729
7601
1963
1002
2389
2373
5826
1902
3741
8282
9183
0927
9866
0145
4728
2592
2948
9662
9756
8672
8366
4100
6041
1393
7424
9148
4676
2871
3846
8186
7943
8476
2900
9419
4714
7934
0518
9194
1978
1679
6581
7433
2659
4227
8374
0939
6556
2830
8734
8978
9036
5973
8984
3151
5156
6481
0255
9483
1017
6081
9748
3798
9067
9773
4647
2443
1639
2650
0410
3950
5286
2177
0510
3362
9859
5307
0033
9406
3418
0504
2509
3056
0678
8636
6023
8888
1919
6209
5928
7499
1998
8194
7248
1202
0075
8259
9141
3616
3663
4773
8150
3310
4267
9656
1503
7253
5948
8465
9058
9230
7644
6143
5415
4800
1726
2514
9481
2102
4650
0100
1984
0215
5903
3821
0439
1804
3769
0355
2662
3838
0329
8575
8944
0433
1148
2971
4889
0688
5764
7857
6095
7310
7774
9690
9111
0468
3355
0496
0793
4602
3551
9447
1199
3024
9627
4741
0758
0222
3502
8240
4143
0580
7431
2153
7036
2838
2192
5721
6765
1149
0832
4424
1151
4301
3813
8368
2606
9567
5605
5370
8950
3146
7455
0073
7886
6490
7510
8276
1519
3672
1865
2434
7068
9240
3788
9414
7047
0239
1306
0647
3203
2249
3134
3556
2086
6438
7163
1832
0527
8634
7270
0976
2174
5745
7073
0852
7040
9786
2780
0358
4380
9107
8960
8529
5216
5666
7347
4839
9326
7354
1456
3039
8721
3796
8916
6211
3292
1784
5907
2385
4552
9409
6816
4683
9022
9484
8391
1197
4459
7742
8132
2733
8095
8865
8646
8748
2052
2024
9173
3893
2105
5814
1597
4223
1522
4378
9318
8152
8954
8618
8725
7561
5536
3546
5212
3687
0670
2055
5612
5039
7704
3967
0672
2307
2378
7558
8707
8260
6494
6009
0828
3745
8239
9645
4272
4563
0873
1121
3582
4108
2350
2613
3338
5230
8157
9525
0236
1802
0660
1766
3578
4147
1239
6369
6429
8323
2524
8486
2196
8567
2346
5726
5976
7195
6107
1520
7097
5728
9048
6131
0399
1772
7388
6783
2523
8098
3743
5166
3514
8772
2018
9113
9233
2424
8448
5403
9125
7756
1526
8826
2399
7075
4533
9531
8996
9444
9493
6528
1771
9178
7938
4031
0067
6576
6870
7411
8871
9333
3613
5659
6346
6691
9507
9738
8961
7744
4663
8026
0186
2787
6686
2375
9407
2201
5905
6173
9396
9593
3347
6000
3890
2403
3282
1022
9528
1432
5927
8496
8833
6640
3812
7843
7681
9994
4441
2121
1101
4117
3240
2810
6972
9809
1224
7197
5352
3902
9115
3091
4857
2059
9837
5267
1549
7463
3964
9123
0949
3618
6348
8563
5554
5239
5642
7941
0637
6376
9797
9340
6054
4150
4433
6555
6853
2525
2125
3963
0171
2913
2681
7643
1071
0404
3764
2351
4481
6565
0077
4168
8695
4610
8925
1174
9164
5479
9293
0557
3946
6520
7294
8280
1319
7717
6446
2130
4541
6617
9551
0521
5606
6428
8343
4043
0982
4452
3010
1427
1494
8557
1363
3810
3904
4193
7588
9452
0619
6356
6502
4021
2099
5662
9638
5865
6047
1852
8473
1922
6297
1703
2448
8261
9966
4136
1373
9940
2719
9049
3880
5578
2962
8816
7103
7256
7288
1156
1799
0909
6228
0256
0808
3648
9607
6177
2518
9514
0388
5426
2113
2476
1117
0438
9733
3186
1550
2210
9944
6680
9313
2005
2856
2475
0043
0392
1261
2629
3278
0846
7946
4321
5013
3895
3226
8933
6212
3638
8600
6216
3339
2456
5473
8760
2977
7669
9612
3783
6181
2295
9291
4386
5496
2459
0720
7290
7964
6153
9167
5863
7318
2225
3485
1596
5878
9722
3941
2220
3576
0345
8951
6774
1767
9523
1093
1683
4048
1133
7006
0752
8805
6005
0937
8471
4514
2847
0719
0055
3684
0210
4877
3377
1524
6744
1471
2183
8044
5197
2120
6094
3552
7372
8785
8474
0573
5763
6311
0675
5455
7219
8719
8635
8166
5727
7223
3545
7736
4496
3388
0818
6152
3225
8513
7674
1786
4511
0494
0650
5400
9712
0248
1087
8632
7723
3727
7356
8214
4808
8610
7881
9898
6170
8710
3009
4992
8962
6887
5769
5582
0771
1019
1598
2634
5449
6072
7696
6144
0445
2940
0609
4051
7646
5910
2186
2147
0801
7937
8883
6828
9367
6542
6039
1805
9246
1547
4097
4752
4814
1323
3026
7279
7370
6580
8731
3466
5388
4128
9138
1813
1495
8956
3691
4731
2313
9608
6661
6100
5692
9792
3067
4718
3988
3467
3419
0010
0169
2692
8579
6719
6844
4536
3166
7089
8992
3242
0198
8787
9459
6053
1374
4040
4007
3842
9621
5668
9961
4912
8427
6989
5633
3177
5207
5120
7062
6421
8196
0772
4567
1833
1962
9282
9793
0456
7121
1633
4165
6138
0857
7522
0699
0725
5127
0094
1389
0209
1553
5785
3128
6992
8319
5192
0750
5690
4050
6784
4405
8008
7128
1566
4461
6584
7760
4577
6912
5076
6777
0749
2745
1110
2565
9076
4444
8655
9131
5313
5885
9391
7676
6040
8027
1976
7449
6013
7051
2090
7134
8799
7619
8506
4096
5977
6113
8516
6365
3401
1126
8442
3267
3085
1229
6208
2528
1814
1651
1586
0457
1517
8550
9402
4642
9335
4928
8458
1823
2008
8364
1601
1795
3232
7757
1721
2391
9533
9070
3799
9309
5638
8139
9062
3019
4396
9654
1114
7159
7191
3795
9658
9853
8133
4930
7777
9580
4440
4634
0032
0205
9857
6014
1711
2800
3034
0953
6785
7239
3736
3802
9465
0311
5997
7982
7701
4713
6220
9618
6416
7571
4087
0419
6411
5021
8628
6704
7495
1507
9404
3983
6045
7870
6065
3779
6215
1435
1472
9266
1643
6405
6991
7702
1398
1952
4254
2158
5189
7579
0516
5165
1436
0269
2984
2831
9775
0290
6180
0049
1434
5773
3030
4082
5229
7317
2727
6791
8294
0502
0503
8694
2626
9565
4951
7019
7576
1947
1208
0644
5680
7733
2275
7515
3968
6035
5909
9610
7997
0779
5663
2743
6291
8638
1525
5308
0980
1485
8172
7070
3229
4690
1362
3432
6553
8063
0606
6699
5782
0164
5306
7888
7949
2110
3543
2303
3215
2890
3202
5143
8288
7130
8979
0009
1555
3982
1646
6832
6176
4919
8699
8615
5845
8235
5757
9957
8432
6867
2848
5122
5677
7331
3207
7277
7975
4909
2843
6710
9742
2492
3825
1594
7954
9999
9860
4202
4544
1240
2414
2763
6121
6798
6274
5246
8286
8043
1269
5543
4970
9434
9805
4350
9965
8670
7679
1987
9882
1091
4763
1812
2992
2163
8982
7091
6402
6392
5161
2993
2654
9251
1111
5008
2651
0549
5897
6391
5545
9495
0967
9631
3530
3913
3771
3101
5073
3974
7794
4427
1262
3303
6558
1392
5783
1336
1985
8397
8022
0817
5195
6248
1619
3879
3712
5000
3550
3090
9905
7100
9000
5214
8488
1790
2897
8029
1966
7605
9566
0624
5818
4888
0379
1662
1981
6578
1305
2861
6618
4735
7825
3436
1009
9625
4878
6012
4975
9789
3917
2722
4057
5464
0466
3456
8340
9729
8981
7059
7928
3848
2536
8640
1099
6237
1423
0559
0517
2583
9421
3081
4892
0487
3062
9394
7531
1165
5082
8641
3074
9437
5531
7213
7232
9430
7024
1759
0138
3345
1349
3781
9810
8768
6480
0025
1755
6936
6267
1040
8779
2272
9327
4723
8383
3777
1516
1760
5028
3469
9026
2696
7274
9983
7960
3015
9344
2435
3635
9737
0259
1285
6347
0398
0715
6263
7314
3495
4056
9578
1142
2751
9524
1260
0461
6554
9322
1263
8793
4813
1241
8310
5337
1330
7187
4204
4700
7138
0764
4576
6393
9110
2576
6105
9171
9725
4498
7479
3839
0121
1007
2466
9232
5324
8809
1899
2323
9339
7675
1864
2242
6515
7386
7917
5330
0001
0346
0665
7343
4311
5317
6375
5374
5440
7690
7737
4965
3885
7241
7525
2025
3562
4078
4101
6880
5047
8608
7966
1853
1969
4467
1257
5457
1045
4865
6092
1645
6370
0436
2068
5533
0922
0360
9779
2981
5244
0340
9714
8591
8324
7726
9096
5843
8313
9065
2280
2614
6230
6925
5232
6339
7838
3048
4063
5695
6328
2517
2712
4285
3901
0961
2364
4377
5300
0002
2741
2428
2442
6688
4513
0351
3311
5839
4673
8899
5150
2454
2316
7260
8877
4042
8351
1626
6726
2588
8964
0724
5086
8693
7977
9703
7600
4381
4111
0544
0642
7389
9856
0225
8451
4994
5231
0735
0174
3023
4750
9264
3045
2683
8404
7092
9843
5555
0105
4787
0782
3962
2359
6052
7308
9329
1511
0085
2825
3508
3300
1515
1907
6327
8412
5534
5551
4661
8148
6676
8077
6687
1779
7096
7656
9574
0562
4823
1624
4398
0444
0897
3002
4648
3966
8624
5092
5215
8832
0964
9226
5682
1938
0835
4899
3522
5024
6750
2405
3619
7590
6665
4932
6941
8537
5565
3283
4672
0671
8920
3410
6841
9808
0408
7882
1182
3518
7397
7429
0963
9816
7551
0324
8145
6048
4999
6088
9186
1067
0054
2916
5157
7636
8009
6422
5636
2788
8566
8892
7497
9352
2402
9813
9231
5852
7552
8866
5366
9537
2066
0182
0971
2415
4542
6850
9384
1177
2277
8242
5081
0966
3705
5194
6028
9724
7747
9728
6585
7208
7905
0755
1531
3079
6742
2179
8289
5850
3600
1894
2609
1429
5634
0071
2628
1717
3875
5456
5247
3859
6829
3042
7919
1083
9835
0065
0936
3342
4249
2747
5650
0204
5709
9369
1302
6644
8545
0053
2088
9953
0761
4032
4561
8255
3445
8578
2627
5900
1014
8290
8495
9426
1351
4537
3078
4762
7207
6729
2273
0945
8775
2710
4347
1638
5753
8006
7865
6939
2553
4781
0907
1906
6409
8321
6001
4774
6616
4979
9604
9864
6812
8542
9170
0690
3784
4245
1727
0810
2145
5050
5268
6999
7116
7958
6656
2070
3876
1418
6696
2368
1082
3513
1990
8444
3755
0551
6854
1180
6233
3168
7287
0992
7668
9028
7967
5954
9225
6667
0421
1335
2256
7211
6569
4029
5739
3430
7234
4803
9781
7670
2069
1381
4480
4578
1139
5018
9666
0910
1222
1318
7797
4379
3881
2676
0558
0693
8156
9923
5716
2794
4699
6579
8060
9922
2039
1416
7035
5141
9685
9798
2408
7614
4584
4646
9990
8909
8059
4757
0787
4798
1810
4341
3670
7470
3437
7887
2770
0659
8116
6951
6949
5302
7513
1256
9667
8229
4976
3647
4900
2212
6188
0925
7788
8187
7815
5917
1490
1280
0235
7892
3309
9720
3709
4682
7500
7517
4232
2736
1036
4460
7448
4692
2521
6547
4997
6275
5592
3892
6129
9904
3138
3312
4203
0803
1027
1481
4890
7667
4123
4449
2341
4652
6843
8975
4691
3655
6080
8193
6604
8918
2781
8700
2054
0146
3199
4953
6878
7503
8659
8630
3685
6057
3322
1773
8498
9763
7556
7650
6857
5221
5803
5445
2994
5984
2503
6114
5686
4611
6650
4917
7765
0104
6834
6055
8253
6379
1988
3149
3581
7126
6833
0396
6460
5978
5824
3889
9746
3241
7245
6412
3049
3646
6191
8003
3490
9681
7971
7782
8138
3386
8226
5146
5700
0047
1161
0173
1666
4473
2100
1841
4141
9147
0120
5888
9308
1167
6163
5717
6472
1164
1695
7725
8126
0962
4287
6150
5326
9573
6707
0626
0684
0060
4959
4038
7014
6805
3653
7651
1438
8125
0774
5738
6213
7447
7634
1298
7839
5656
5271
0485
4330
7151
