0024
0074
8525
1208
6067
1269
1734
9865
9476
2967
6262
8478
8763
4902
5779
2410
4434
5026
8907
0002
3176
2112
6347
0919
2653
7845
7249
6491
2221
4259
6968
0107
0630
3318
7120
7660
4521
0378
2931
8195
2067
8224
8285
8283
8887
6318
7324
9783
1627
8019
3990
5813
2475
6679
1375
8423
0296
2718
8513
6801
0409
2997
0266
2731
6384
2005
9638
6578
3198
7565
0699
2066
9815
3315
3185
7082
4054
5618
0674
1023
1993
9879
1427
3786
7620
8189
1211
9160
5289
0990
6361
9727
2980
9315
6042
8334
7320
2170
3136
8535
8707
6756
4272
0007
8943
0396
4644
8877
9758
2721
1569
7492
9653
7330
0293
7212
3995
4030
5293
2363
3647
0887
4209
5914
3714
8757
2196
1861
5153
0968
9966
7529
1015
4082
8190
9324
9760
9625
5699
6137
9862
7396
6233
7273
4688
7922
0638
3210
7752
9437
5173
7086
8348
7735
8080
8275
4730
7785
6096
4963
7779
2027
1267
2785
8590
2462
1386
0056
2700
3074
1279
5039
1308
5152
9978
1400
2885
1738
8673
5788
0140
9852
2460
5683
3448
1805
3167
0100
1778
3018
4319
3846
5115
7677
5017
6429
4265
4262
6323
8503
1850
4223
1546
1265
5251
5271
7247
6530
3082
7957
8571
9430
1411
6579
3559
8583
6941
0510
9932
8776
9950
2830
7877
5561
3903
8410
9556
3093
0405
6856
0123
0523
4511
3868
0933
8415
0580
0766
7618
6655
1326
9153
4343
7601
5908
8175
9851
2581
5982
1377
1052
5395
5957
5954
6011
6720
9362
6362
3287
0063
5555
2383
6102
7048
0252
8084
2094
5308
1144
9123
2010
6307
0578
1282
6202
9157
3649
3769
7325
9120
7580
0153
4565
4984
5847
6662
3388
9983
9250
4234
0735
1181
5347
7140
4464
1437
6515
7372
8435
8215
0620
4224
8477
5776
2035
1233
2707
6260
6180
9474
6471
7269
7712
4190
9064
5783
0649
1591
1960
3562
8083
8638
2763
6531
7298
8665
1184
2528
0182
6036
7318
5287
2609
8841
9855
7972
3922
2335
1388
9249
6920
8774
0451
3092
5718
0575
9341
7924
0548
7252
4398
6505
0757
1894
8684
7664
1927
7758
5747
1159
2976
0943
1465
1913
5764
4483
1055
7799
9622
0721
8347
8158
2722
6369
6543
5237
1352
2957
3720
4540
6342
6836
0661
8450
2663
8123
3731
7184
1337
2864
8422
7106
1227
2377
2202
8284
1327
8644
8326
5060
8470
6380
9299
4138
8030
4182
4155
6266
6502
0624
3935
1889
6681
4292
3056
2712
2878
3382
4215
3340
7699
2780
0654
5484
9651
7667
3017
1220
7395
0728
3776
4801
6782
6397
6029
4099
4033
6891
3221
3140
1910
1467
5526
3762
6290
6076
7464
9296
5883
6308
8558
0227
6621
3124
8060
0553
8860
2226
3166
0353
3400
9945
5933
3550
9150
1820
1890
2576
2818
7203
2868
0626
8842
8483
2727
6973
0731
5418
1675
9194
6786
2714
1822
8438
2572
8628
8517
9675
3023
2626
6884
6230
7828
4845
0859
5111
1288
4193
4952
7480
5321
0818
4939
5525
4677
7381
2479
9218
6607
8528
0980
8786
7043
8187
9609
9029
6232
2618
7326
1781
9139
7093
1073
8164
1530
1766
6287
9391
9174
6116
1436
4320
1001
2778
4726
5329
9872
0813
0511
6561
9412
6043
4548
5362
8480
0517
8733
1504
6913
1431
0755
5129
4670
6017
1005
7260
1506
4874
5067
3242
8271
0431
5498
0061
1013
8812
4891
7281
8844
3044
7885
9005
3809
1753
6939
1130
8001
2632
3423
9706
4763
3798
5208
7558
2467
0584
9066
0543
2164
6669
2949
6178
7207
5510
9521
5889
8552
9340
4045
0844
5557
3200
0791
4044
6444
1542
5480
8320
2516
2124
8818
2676
7304
3491
3777
4946
1273
6878
8692
8807
2621
0519
8750
9032
7087
0629
7853
3845
9403
1094
6476
2092
3251
4309
5138
6521
8219
2753
0446
5975
4349
3763
4492
1025
3955
7346
9624
9239
9500
4240
7410
8864
8023
5247
5252
0400
0129
0269
0312
7502
8691
7738
7995
5423
1748
6992
7159
6333
7619
7105
8889
2965
4751
7670
7055
6492
4767
5969
4811
6588
6108
4457
6406
4383
2886
8948
0701
4219
3130
0262
6099
2273
4363
7430
5443
4331
8276
1817
6104
7319
9176
8651
4745
0106
5762
3523
5627
1263
5244
4063
9710
2616
3785
3313
7795
0642
2929
9143
2493
4285
5830
8194
7436
0130
5093
7989
3281
6883
5292
0532
5109
5172
0788
9519
5491
9626
1200
2510
6390
6395
4720
4761
6265
4053
9450
9608
6960
4881
5344
7533
2381
8374
4283
9186
3724
5088
6460
2597
6402
6486
8947
6424
5411
4443
2478
6885
1244
0657
7431
8923
6620
0500
3738
8602
6600
4085
5095
6220
9778
8737
9693
5280
9975
6567
4501
0224
9342
6448
4429
9446
3216
1918
2090
2928
6593
1142
2040
2732
3563
6719
8729
3906
6105
2959
8999
7282
0821
5878
2670
6695
1903
1355
2538
5262
1631
3109
1128
6907
0861
3826
7587
8462
3969
8936
9592
8484
3827
5857
3971
0335
2248
5428
4055
4027
7089
6707
8051
8199
2800
4150
0810
7761
2198
3256
8588
3701
7641
0145
6952
4993
4837
4836
7933
7379
1994
7131
0340
0526
6737
5967
5282
4550
7378
0081
2804
7091
9057
8210
5771
1696
2900
2735
6140
7414
2251
9834
1048
6851
0903
8572
2850
1678
6649
2188
9385
9544
7539
0430
7397
3192
2716
3229
4843
2216
6749
9306
5009
3442
4365
9030
4940
5620
5392
9028
2312
6821
3425
6489
8055
3723
1281
9418
8290
5749
5887
5748
7232
7938
5752
0929
7630
7376
5649
2862
3498
0334
0798
3265
7286
9700
2057
4941
3622
8636
7716
3006
3783
3854
6468
4967
3599
6221
1847
9672
2834
0443
7487
6638
6119
9000
1959
7929
1174
0317
1358
1262
4983
4451
9833
9829
1618
8028
8704
9825
8984
9328
4222
1295
2119
7568
7012
9400
7039
9648
7342
8144
3135
4833
5925
9857
0205
8108
1490
5354
3572
6762
9565
3446
3319
8027
4869
9440
3250
1413
2416
3837
3141
6434
2212
9464
6374
3148
7672
6280
9962
8499
3267
4356
0202
8249
2325
5311
6389
2933
3947
8747
5726
3901
6829
8676
2482
8387
5985
0484
1662
5454
8548
4500
0724
1474
1732
6139
8756
7391
7659
1134
5587
5996
2141
5192
7770
5254
0432
3600
6326
9022
6921
5523
9811
3464
0499
3341
5114
6611
3716
9864
9837
2394
4387
8870
8934
7891
4048
1556
6886
6614
0658
1146
3936
2567
3320
1956
3428
7390
8203
3915
0665
0639
0671
1440
9733
2084
6481
4010
1109
0094
5145
2877
2151
3662
8170
7822
6559
2786
0541
7954
4171
3368
6059
4773
0530
2687
4251
9058
4328
4227
5496
6145
6454
6506
2303
7650
0473
8369
2752
1438
2901
2026
0294
1278
2720
0996
8823
2733
6581
9008
2480
9135
9309
9655
9118
1256
7459
0398
8444
4826
2025
8524
3939
7932
6148
1266
5068
2182
1212
0170
5451
7235
4562
6421
4809
4366
3186
1692
0423
0105
8468
7993
5122
2214
4556
1519
2201
6761
4116
9357
9607
9973
9575
4132
0166
8914
9231
2290
9425
8867
9246
4930
3660
1032
0038
4954
5881
0221
6678
7061
5464
7715
8025
0648
0563
2142
2948
9895
5903
8263
0372
3194
6387
1313
9414
9525
6121
5508
7155
3147
3549
8040
4073
1292
0275
6212
8728
9436
0028
6810
1555
6465
6240
7694
0889
3604
4390
6744
6673
3466
3973
2819
5277
7976
4286
7655
1841
9311
0571
6731
3208
2637
0487
3303
4662
7617
5309
7965
2264
9241
2454
1593
3128
3631
8291
1681
1962
9999
5543
8568
0350
1259
4256
2807
1710
3158
5033
2192
4641
5162
4217
9750
8350
9444
3934
5614
4991
7616
3007
2483
1543
1275
0385
4537
6358
6882
4924
0375
4445
2642
9800
0323
4059
5249
2372
9330
7169
6209
7428
7858
1733
4275
5130
9594
6098
4147
8963
4910
9179
5955
0067
0248
1131
3833
5050
2927
6616
8174
8317
1726
5607
0474
2122
1367
0329
6584
4452
8394
9191
6020
4719
6478
7690
0633
6773
6792
2042
3734
7175
3116
9119
4276
1877
6066
0475
2629
9504
2832
8760
9004
9077
2847
8353
3656
7471
3302
0016
7037
2069
7635
0675
3961
5811
6107
2098
7889
5275
6393
2964
6177
7417
1346
9926
6241
2114
1867
3712
5446
7482
3583
8901
2485
6687
3314
2593
3784
9627
4716
8010
2894
3004
6629
3307
3585
7508
0133
7737
5689
9936
9996
8009
7535
5807
0799
3443
5527
7382
8221
3790
2233
5415
8451
8826
9291
6688
7898
8337
9212
8352
9910
7595
4066
9080
5224
2392
4879
2418
5971
5571
8865
7788
3429
5061
7974
0412
4622
4905
0504
1933
2888
0703
8965
8788
3245
5831
3515
8409
9763
8840
4332
4302
2223
2266
3223
8448
2498
3240
3744
6461
1251
3356
6538
8987
3836
2085
1455
9786
2184
3433
9445
0886
5183
5713
9351
7852
0730
1916
8964
5681
1460
1708
2338
9530
4183
3800
4663
4839
1370
3170
0427
8485
7146
2292
8066
0995
6507
7777
9922
3892
6928
0765
2499
4294
2194
8730
5456
8547
0712
6807
0230
4110
4174
2227
4205
6718
4449
4157
0461
9132
7242
8956
3246
0718
6090
9074
6956
1249
1299
4607
1374
5497
5278
5833
7437
9836
6487
0850
7514
4957
0552
2668
4100
6445
4929
9392
2725
5624
4485
2225
8977
2154
0449
6572
0176
3739
0139
9110
0169
5380
1164
7265
4506
8862
0278
7767
9054
3573
1203
8989
9011
5266
5993
5108
0785
3160
9984
2897
5264
2608
8125
0780
1126
5924
4921
3680
5085
5867
3791
4559
7455
1500
0036
4091
4208
7292
7527
1706
5529
9486
4797
6170
0562
8642
6606
3725
7997
0597
7861
9128
0490
7033
7032
7892
9558
2545
1979
1198
8658
5413
4855
3938
8049
6949
8567
3479
0242
2282
6706
9925
7855
8551
5960
0955
5673
9505
9900
0862
8200
2204
1566
6524
2189
4787
6179
4520
2163
7362
6085
5729
8173
5685
8580
3705
6974
7201
1872
2007
0464
7081
9522
4676
1844
9577
7373
7347
2458
8888
1958
2145
9578
9377
1661
4312
3839
3484
8403
2200
6618
8839
9797
9600
5810
3974
1113
9821
1066
5048
0213
4916
3361
5335
7483
4830
7537
3665
1652
6329
7651
0760
9350
2126
6580
7849
1425
1819
9024
7909
9222
3409
6422
0694
1070
9112
9381
3722
9279
5157
7575
9142
0568
1995
2781
1901
8126
4420
1024
7676
0279
0245
6159
6415
7994
0324
4303
3782
3531
5934
6167
4561
3620
7805
2306
4274
8711
6867
2344
9576
3743
4702
6452
5599
7299
6030
9721
4995
2157
2903
0545
4831
2072
9548
8328
6219
7073
7125
1498
6685
1163
8202
0237
3626
4691
0820
9482
2429
5632
5972
1448
7996
0971
2139
0144
1456
7750
5494
0595
1926
5020
6721
0560
4226
4908
9903
5257
0607
3367
9574
0891
3031
5802
0126
0522
0046
3042
2351
7144
3560
1424
4154
3120
9487
9658
4180
2509
7385
7019
0025
0185
2262
5532
7523
7300
5482
2443
5131
3831
9512
3949
9890
0576
2981
4189
3207
6305
7549
7020
7496
6632
7158
7903
1975
8793
5187
0707
0940
3818
4861
6206
5113
7134
5481
3348
8036
0367
4353
9147
9722
4982
6757
2619
2562
5647
2242
0060
0331
1482
7157
3043
6654
7474
0480
3952
3916
8721
3918
9581
6972
2291
9562
3373
4802
6604
9560
1942
7548
4145
4632
5436
8542
5839
5377
9033
2086
5882
0644
9804
1966
9516
2650
8232
7023
8985
4792
9846
0045
5724
1604
3016
6365
3564
7187
0558
8796
8521
0599
5318
1691
3749
7224
1676
8905
1526
5505
8678
0368
0732
0711
1518
5579
7327
2365
9026
3844
2143
4051
1395
2556
3180
1715
5778
4803
4948
7608
4539
9959
5476
0478
9935
8640
5736
1849
3639
7573
2666
3253
0740
8683
8259
0343
4917
2962
7572
0031
9906
5929
6373
6804
7448
5137
2610
7377
1783
4266
3536
3153
6905
3513
0984
0561
5834
2973
5461
5904
2305
1659
4529
2279
8773
0394
8512
4162
0456
8319
1592
5799
6413
7570
5312
7821
4465
6863
1935
5133
8406
7759
4199
5841
0869
5284
1432
8043
6133
6914
4577
5315
6583
6224
4278
6032
1615
5055
9669
7005
5953
7637
4313
1856
8391
4014
7074
6217
1376
9195
7133
6336
8250
9665
8252
9551
4086
8026
0865
4853
7366
0472
0836
7556
4348
0186
6558
6865
6904
2605
3386
3641
7092
5460
2746
8488
8594
6044
2297
2131
5260
0440
9217
7293
4204
6165
0348
6298
9344
8281
0991
2584
9785
1650
5558
4573
5016
2693
3383
6603
8304
7194
5453
2796
1201
8354
6482
1064
1892
3787
4815
1296
3369
6163
8565
1290
8469
1028
3493
2652
2165
7429
8217
2617
4301
3962
2425
8652
2087
7145
8474
5176
7577
8087
3477
4953
6555
3163
9415
6964
2648
7545
8605
2749
6156
9799
0888
7705
6197
5682
8619
3454
0283
1193
7365
7966
9225
2736
8459
9427
5626
2062
6601
1561
8955
4402
0010
9182
8072
7698
9114
0339
0435
3737
6060
1018
0358
6993
0743
2706
9839
3553
5562
7907
9411
4508
2311
1719
7266
9442
7136
8381
2401
0026
3177
5117
4277
2730
9788
5897
5110
3012
1268
4305
1923
9042
1102
1534
7333
5216
3509
3351
9795
9254
5974
2340
3440
2508
2095
8395
6195
4012
4076
9641
1572
1063
1536
1182
5458
8778
4659
6005
4617
6966
3048
7177
3907
3142
7613
4970
9969
4156
3811
3924
5988
7329
5263
9136
5231
4637
6725
8813
7424
7964
2842
8866
5854
7022
8082
7559
2633
1876
0546
7409
6959
2249
5980
1049
0804
7743
0839
1423
1560
1354
2622
1443
3980
8340
4754
4770
0055
6890
7902
8069
8453
1329
6671
8171
1083
3758
8118
9093
1435
5381
9753
3608
8335
0605
0746
5132
4647
4344
5201
7287
1750
3571
8463
4944
4192
2327
9065
0469
0132
6736
7985
9305
9845
4207
1065
5962
3189
1099
7028
2533
9807
9674
5652
4078
8780
5672
5490
9448
5358
4137
5553
6651
1393
7867
9363
0035
5773
6848
2300
6368
6887
2434
9847
0547
3664
4394
4549
2215
5631
9336
6208
3506
6218
0077
1196
1645
3322
2798
3788
2096
9109
5786
2476
5772
5267
7561
8218
7387
9284
8928
0049
2757
8460
7179
6986
6299
5326
8546
1971
8662
0758
6542
6751
9295
8700
6738
8738
8322
8004
1029
8476
8718
6072
7719
6988
5148
1989
3184
5429
1197
4564
0178
2229
6953
5541
4040
8257
3669
5053
6166
3586
3350
0625
5767
7847
8446
7681
5678
4878
4789
1541
6187
9892
5822
3413
6141
2064
3867
6627
5851
2824
0052
3013
7011
9006
8589
9719
9748
1199
7639
0301
3648
8810
6130
0332
1129
4615
5515
5573
3385
3470
7072
6610
9205
9617
8292
8761
6073
9278
7544
2017
6911
4671
1501
4252
4824
4119
7213
9197
5837
3402
7814
1621
4996
2734
6438
7160
3104
4271
1392
8600
7692
7138
5697
8185
3695
9307
7526
1477
9773
0632
6089
9793
0993
6282
8801
6940
4006
4766
6400
0904
5794
3992
6935
4931
9317
4250
4427
3219
5212
5112
5905
8809
3551
7566
5538
9137
9282
7472
7102
2774
4070
9759
4064
1293
6817
5564
4708
8058
0325
0021
8407
5307
0181
2921
0419
1103
1314
5861
6788
8550
1357
7636
3098
9497
5367
0897
0817
9582
1294
2856
8149
4683
2047
8242
1016
4393
9678
5623
7427
1077
9106
4784
4238
6047
5269
7489
3554
8248
6190
8504
1963
0150
5580
6025
4829
1489
1810
9262
0373
8863
4927
2285
8561
2993
3101
4738
3364
8487
8944
9388
2863
7708
0439
8074
2961
0120
5241
1558
5378
8959
7689
1724
5189
8180
7321
0489
7056
9898
3419
2555
3923
1928
2406
1008
5814
0916
5313
0646
2405
4646
3360
2905
2487
4298
5638
3121
8122
1137
3522
5102
6245
3805
6106
2034
6244
3393
8900
3418
6463
4992
3071
8178
3055
8655
7673
5832
6082
8376
8109
8132
2319
6157
7769
8657
1528
2805
0518
3946
5185
0102
0369
1369
2245
0542
3598
8714
0911
2472
6789
4178
2430
2989
8560
2044
9374
1494
7243
0951
2750
7792
3234
3539
5938
0627
2144
0287
7332
2698
2309
1215
1751
4783
9355
1843
1058
6563
0669
7195
2370
5327
0352
2583
8101
4626
8294
9070
3677
7685
8663
6852
4591
2161
2907
4416
8213
9960
1150
4056
5910
5229
6399
2740
1891
5838
2813
2078
7405
6609
8766
5384
5850
7501
5989
8891
4235
1668
3966
6228
7344
7432
8303
2664
8616
4935
3503
5517
7115
7525
2081
1651
0915
5296
4421
6566
5300
0354
0217
0054
4828
8671
0506
8797
1754
2568
5588
7671
0748
7370
8508
2160
2082
5691
3010
9289
2514
8233
4524
8278
3741
1147
0080
8942
2113
5793
9747
6069
0421
6550
4424
9108
8015
6426
1192
4835
7971
7998
7018
1722
8225
9413
0819
9650
5468
0647
6626
4361
8871
1180
2369
5958
7905
1433
3072
4329
7452
3057
0868
2207
6216
3815
4598
7868
7322
5742
7893
2186
3243
3926
9876
0667
8617
8932
7248
8229
3239
4661
1718
4821
6081
9659
6929
7110
0901
9199
0824
3225
4510
0482
2955
4635
1866
6041
9168
5281
0006
8916
8597
3218
5215
8234
4020
1736
3422
8297
3257
2166
4407
2934
0742
0972
2624
0272
0640
0851
2838
3051
9384
5217
3151
8853
9997
4742
8670
2985
8411
0391
1003
3779
9082
0692
4988
2678
8236
1079
0938
1564
8375
8779
6100
7004
9746
7783
9365
3174
7775
2100
1590
0902
7857
1351
6312
6479
1502
8056
4096
8961
0610
1790
3623
3981
3872
8878
3994
0503
5459
0994
2159
3806
4581
9313
2137
4692
3584
7579
0357
5228
4462
6243
7258
9421
1571
0864
4243
7250
2767
9138
1554
3008
9223
5306
8708
8895
7257
6919
6128
6980
9981
9769
9248
0540
1895
8473
6704
1749
9684
3889
5690
0208
1628
2343
1953
7762
3653
8141
3658
2360
3902
8288
1818
7841
0942
2490
0884
0782
6443
8373
9781
0406
1740
5899
8577
0871
1695
6488
8795
8754
3617
6261
0003
5001
9731
1800
7930
4431
3456
9606
0307
1883
5720
1869
8586
1470
4047
0544
7447
1364
7787
0634
3985
0733
0750
5684
0442
6897
6775
9697
1205
8148
1957
2892
4002
0249
3492
5888
6648
0809
3730
2909
7024
9499
5465
9352
4986
4177
5886
9765
2932
2554
5963
2317
9216
9958
8919
1832
6622
4611
8014
7003
9955
3987
4701
8331
4735
1977
8869
1829
7350
5698
3927
4281
9878
9198
1419
7216
8575
4631
7730
1634
5873
8076
8975
6359
6328
9303
6191
1207
9283
2243
5895
0137
7815
9755
4945
0383
7336
6001
0376
1285
4884
8748
3030
9390
7290
6303
4075
8875
8736
0263
4158
2636
1712
1686
2269
4531
9858
3339
1158
2896
4523
3577
2534
0481
2349
3471
1614
9010
2277
9180
2322
3064
7693
7846
8321
5900
6364
8124
3191
5209
8268
3765
4724
1703
4101
4163
4197
0302
1165
0793
5488
2272
3561
3205
1162
6332
4864
8979
4764
5353
7470
3149
3212
7036
3326
4664
9288
2717
7454
1607
9236
0450
2917
4338
0577
8604
6612
3329
4169
3877
6981
5668
8039
8404
6501
9272
1349
5200
0830
4211
4959
2754
2015
6971
2247
4121
5442
7067
5081
4557
8342
6394
9031
2704
0096
0763
4409
7231
0529
8752
0807
0744
8370
0083
3689
8843
9661
6664
0533
2950
7009
1898
3766
2058
0786
1824
7460
8698
1517
3099
4740
5750
4310
6613
9372
7467
0794
1515
5784
8392
1418
3859
3359
4484
6035
9927
5169
6110
7017
3548
3775
0586
8993
5268
8166
2503
7335
1047
4041
7180
1345
7647
3266
4933
3797
6078
1904
3052
0424
1136
3792
4009
6569
2128
3943
7734
2761
8035
6469
9240
8555
5336
6544
9803
1210
1780
2320
0088
8115
6404
8806
2408
9483
4542
4639
9023
4814
1934
5171
9244
1589
1315
6652
6127
8988
5546
2726
3453
6790
2111
6004
9280
0538
2129
6084
4333
7760
3869
8962
2378
7227
6466
0949
0247
4705
6931
2315
8929
9532
2614
5606
0749
1472
9162
5820
8359
9399
0621
1756
7441
7959
5366
9121
2836
7209
0619
6279
9404
3377
0655
3524
5780
7798
3305
2994
3753
5195
0736
2935
0587
1770
7418
9187
9443
8983
7591
7963
4468
6837
7002
7498
0215
3545
4090
8536
1401
1660
1897
9660
7747
0044
7465
4378
8689
9256
3451
4368
8669
6860
7836
9956
2518
1445
5391
2983
3126
6325
1838
4918
6691
7360
3702
2032
3999
2101
7485
9506
8428
6161
5521
6574
6874
9889
6414
8279
6204
8850
2041
3415
5236
4442
4419
7206
1384
2446
5038
1157
7939
3188
4645
4823
9237
3893
7686
8479
4475
2449
8702
1945
7818
9364
3940
3627
7721
0849
6292
1905
5371
3988
4713
3607
9871
5077
3755
9166
7740
4732
4733
3487
5409
6811
9849
2404
7856
7723
8176
2421
9332
3452
4212
6712
5182
5636
8522
8193
0879
7839
3222
8131
8827
9511
7380
9583
3392
4667
2875
6527
8443
5430
3095
1704
3733
9063
7063
5625
7916
9271
6560
7294
6703
7062
2520
0190
1101
3069
2468
3321
4841
3347
3909
4316
1970
2784
7829
6269
9897
4866
2527
2130
2492
6038
3675
2134
9423
0117
2399
9877
3538
2635
6182
0539
8592
5193
2925
7312
1929
8685
3162
9542
6946
8456
5365
4949
3772
7453
6955
5998
9312
7718
5179
7741
5096
8253
3953
2772
5466
6672
1771
0617
2563
3062
7054
3764
2675
4218
9177
6944
4759
6767
6034
3417
5071
7944
1836
4195
8017
4722
8769
6013
0917
3405
1409
1422
5852
5991
4179
8146
0812
9358
6734
0935
4263
3293
9454
8042
0957
8344
2891
4194
3309
1647
3638
7099
5947
0103
4490
7628
8372
2133
7879
6143
5379
1513
5004
7462
5704
2295
7486
6517
9881
8325
3065
9092
9873
7710
7851
3228
0280
5294
6752
6549
4649
2352
2586
3727
5651
9360
9353
1813
5222
3897
7623
1795
4488
6529
8251
5286
8815
1051
0737
8618
9478
5223
6160
7887
1632
3963
8022
4517
7897
7075
6087
4650
6473
4141
4382
5874
9885
4291
9036
1900
8935
1302
0829
8772
5376
1525
2841
2969
4749
9887
5789
3134
2915
2469
1713
2974
4672
8918
7264
7402
0512
1992
5186
1952
3497
3606
7569
2341
1873
8648
3324
4081
5544
0018
0477
0256
8264
9850
0876
9596
6008
7560
0594
1030
9334
8059
8734
1183
6015
2393
1324
3078
3070
4966
1702
3556
7679
2334
7658
3667
1335
6109
8307
4103
2542
4762
5356
5554
3812
0771
3029
6511
7765
2801
1332
5058
4697
6253
8531
6805
5181
4569
2674
6120
6948
1096
1373
9402
0073
1584
6659
6135
5272
9528
3155
8849
2376
5635
3310
8921
6294
1237
2324
5158
1924
9047
5915
2768
9133
5809
0389
5014
2748
3982
3972
7014
6251
7810
5798
9125
1153
2348
8656
2470
6818
7114
2529
7059
7980
2711
4793
3709
4634
5787
7166
2093
0841
1602
2988
4780
7640
7058
7456
4832
5777
9919
6379
8208
3157
1161
5513
8165
9631
0858
4071
4065
4706
8755
1495
2336
3579
0559
3937
0386
1087
6998
7367
9273
4067
9539
2379
9790
6496
8874
7021
3801
4973
7035
7987
8519
4586
7921
8515
2211
7263
2474
1239
7592
1214
8765
8216
2659
5712
0392
1222
6871
9810
4136
4656
6963
1487
4153
3049
8758
6412
7691
2587
1323
2284
4528
9827
9457
0257
7984
9905
7809
5637
9318
9770
4113
1577
5474
0015
8442
7648
5621
2000
5240
3122
7935
5731
3217
0890
3431
1816
6311
3338
7276
3770
0855
5868
9292
1983
0471
4560
9715
0303
1794
2176
6284
5677
3275
6546
6586
0941
9916
4334
2631
3224
4143
4324
1187
5913
2332
5439
9380
5671
0338
9741
7354
9339
5175
6136
8609
1151
6997
2942
7547
7807
8950
4221
3683
7602
8633
3363
3378
6866
1943
1529
4159
5759
0653
9968
6532
5140
9103
2099
0608
0845
0598
7888
1123
0175
3285
3565
4890
9501
8603
2023
3387
3914
8205
4860
0065
9233
9812
6682
8384
2669
2979
5035
2385
3817
7013
9002
9726
4592
7536
1657
1405
3590
0601
4704
6663
0895
5927
4080
4093
0298
6653
9611
6493
5221
4239
7593
4418
7228
2755
7124
3235
2723
0437
3215
9823
0664
5714
9761
5449
3396
0683
1060
8389
1574
1853
2954
6605
0231
4600
6113
2020
7262
7684
5524
1261
5092
2288
6455
1217
8196
4202
7646
3625
4124
7311
8937
4585
7218
9286
2453
3719
3408
6716
0693
5552
0159
3264
6592
7118
7808
6382
6976
1601
5550
9780
0781
0447
0907
3624
9492
0064
0677
8493
3086
2296
3379
3143
2234
9508
9327
0986
2634
9456
9875
7834
1173
3478
5642
9245
7634
8192
8739
7622
5256
5879
9547
3587
3283
0550
6763
1042
2298
0613
0108
9554
7302
5821
3027
7084
2515
6844
8097
1255
4509
3708
0720
2009
9526
4351
9654
9687
1701
2118
8412
8584
8970
7960
9957
1944
0113
1322
2033
0596
0154
8167
1848
9923
2887
5245
4463
7172
8003
4487
9882
4932
7801
0508
5325
7546
9589
6573
1815
1154
4340
9616
2104
5403
0615
6819
9668
3139
7361
9014
1091
2063
5590
8209
1036
5995
2923
8071
1228
0815
6188
0825
5202
3597
3574
0695
5710
3015
5871
5664
1379
3780
9458
0425
6272
4834
9481
0156
6908
3118
3502
4323
5424
6983
2333
5952
0326
1403
5032
7111
7610
3851
2591
2882
2423
6587
0271
5592
1727
7756
2570
1343
1837
0965
7297
0854
3168
8892
8576
2671
3475
1218
4375
6639
7229
7443
1580
1776
9073
5701
2686
7678
5012
8065
4467
4532
2936
5389
7981
0600
5323
6432
0912
2655
9275
2346
4496
0985
6075
2696
8653
4616
3933
0265
6330
1468
6927
7461
0927
2038
5896
9356
8696
6296
8461
6680
0416
0498
1088
2301
7182
7702
0492
4151
6014
7173
3920
1446
3829
5928
9667
3096
0422
4097
6915
3593
1135
4895
2939
8886
9794
1854
5935
8596
6870
0013
9060
6729
4868
1667
5295
3614
1573
3799
6666
7331
3828
7733
0199
1758
2924
9507
7052
5015
1881
0752
6765
1507
3040
4965
9947
3206
8002
0565
2016
6457
5940
9527
3603
8243
2230
3214
2318
5076
9495
7183
7468
5906
1570
2585
6793
1964
1172
4392
1606
0581
3838
5144
9869
4083
1461
9097
7830
7368
6186
0370
6814
4901
7416
0241
0250
0527
3873
5686
4311
7161
5818
4133
5930
1693
8566
9619
3097
1583
8006
8311
4648
1284
5774
6058
4768
4699
3317
9149
9787
0037
7967
6699
0974
7153
1095
4448
5007
5489
6850
8879
3075
5983
5688
4433
3514
8254
8089
9230
4304
8388
7117
1808
2267
3255
9573
6391
8626
5990
1385
3483
0079
2808
3613
1121
5808
8287
6095
3500
6759
3175
3715
2384
4035
2253
5570
2870
4522
8396
8527
3459
0082
4184
5596
3618
5826
5870
9243
0729
4535
2677
3372
3760
9333
6548
2424
0327
9277
4248
5732
3011
6268
8198
9181
2323
0531
7015
2582
1539
8808
5848
0361
6957
6791
8994
4744
9840
4686
8899
8191
9379
0428
6733
5863
6446
9226
0914
0977
1721
3204
4062
8031
0466
5448
6348
5390
5944
5440
4658
2557
3330
5283
7973
8828
9301
5613
8667
1728
7521
1545
8822
4596
5709
3541
1011
0267
4519
6827
8825
8978
0616
9285
8466
8926
5178
4765
1428
4912
0187
9657
0873
6464
2149
9779
5956
7704
6061
1802
2488
6825
1909
8041
8976
9429
6309
6697
1225
5756
4703
5583
1054
9636
5125
6040
7080
7869
5890
1858
2431
5559
6250
3661
7392
9048
3173
0747
1232
2185
5695
7970
7208
5581
0114
7530
0097
7873
8239
5511
8129
4129
1752
2022
4408
5966
7837
2773
6239
8212
3102
9368
3807
8783
1826
6314
4729
2941
5211
8938
8070
4613
0792
7241
5922
9396
0238
4388
5859
7490
8238
8982
7696
7908
4673
7152
2250
5551
5374
6879
6144
1874
2918
3740
2971
3693
7404
9820
3103
8578
4936
6063
2427
4474
1110
3432
0860
8781
7119
2259
9816
9967
0857
6806
8898
0099
3252
5502
2806
1599
0495
6337
6289
9141
5758
5328
5898
0191
1234
4134
0687
7653
9094
0017
7295
7310
7057
8613
0717
9452
2402
7896
3965
2526
0344
2331
0043
2846
0101
2803
4505
6508
5333
0564
1229
1412
1673
1974
0690
4675
7000
2999
5471
8091
3089
8365
0356
1396
2024
6715
7517
0673
7469
9100
6984
4391
2831
5865
7727
2793
3951
9263
3435
3489
5291
7624
8024
0554
6497
6899
1336
2260
8980
5214
2190
4253
8349
9514
3342
4907
1711
7819
5817
2438
2553
1684
4109
7557
3534
8785
2604
7176
7948
0351
9234
7423
1723
2607
5167
6495
2865
8228
9451
4760
6371
9323
6255
2790
1986
9931
1053
8119
0387
9158
8029
5155
8130
8911
4013
9088
7285
8128
7532
2140
6926
1230
4461
8315
9252
7813
0167
7042
4909
7844
0171
8681
9642
0697
4024
8715
1245
7306
2775
3047
5168
4307
9018
1674
5877
6727
7425
1341
5566
6484
1635
1148
4203
0976
4206
2411
0952
1939
7446
7886
4046
5404
9535
4889
5345
3270
2598
6982
7189
9154
2237
8697
0715
2175
4489
6787
4680
7990
1331
0741
4220
6351
8154
5031
9257
5687
4981
3115
2477
5046
6895
4536
7101
7007
9019
0033
5011
6518
3630
7047
1242
2641
9586
9822
5518
3439
4781
5611
8570
8643
7071
7894
9204
4258
8034
2551
6322
5084
7714
9095
4865
3588
6283
4495
9253
5700
3280
5640
9322
6356
7150
2013
7983
6111
2003
9723
9509
0258
4950
5964
7230
7199
6846
6764
6769
1340
8052
2299
7859
1002
6175
3696
7096
6046
1884
0842
6760
2496
5444
4245
5310
7786
9630
2944
2371
5487
3615
8099
9069
2466
7398
7504
3132
2715
3362
3746
6553
4435
0109
5761
7941
0308
1505
0806
5421
9792
8067
9924
5506
5161
0309
1221
4894
6504
5357
3125
1310
2859
1473
7458
8145
7030
9724
3692
3967
6401
1596
5959
6877
5165
1050
3983
7687
4746
8073
4440
9917
5065
2643
2627
5522
8833
8168
3002
5680
4396
3495
2691
9494
5968
6169
3824
0076
0591
9116
0306
2588
5860
4794
1717
6398
3394
4314
9102
9714
0330
8088
9294
7880
8893
4417
1533
4469
4806
9466
6693
6462
7355
6570
5343
5433
1649
7904
7225
0397
8020
9768
4925
7393
3028
1788
8821
2549
2203
0463
3771
7631
2683
3991
0322
2984
4037
1068
1274
1839
5977
4498
6112
8635
4230
4728
6442
9930
4011
5121
7991
6385
8455
9629
0119
5219
0905
1141
8915
1031
4042
4369
3629
4570
7356
3989
4605
9529
2491
9140
9534
8725
8824
1516
3512
5531
1804
2532
7578
3657
8296
9052
0229
9213
4700
6153
9886
6184
5716
8152
1485
2437
8829
9370
9567
3865
9701
5781
5728
8693
5654
7913
2387
7918
0590
2506
6641
5049
5936
4130
4885
3860
8593
7806
3480
3984
9266
5634
1799
0609
5670
2354
7338
0908
7862
6459
8339
1743
9568
9776
4876
6500
5766
9012
3883
5692
0295
5041
7029
9818
7824
7552
6634
1833
2615
0336
1922
6155
9874
0784
7060
5754
0866
9704
6809
9870
5711
3885
1247
1998
6826
0946
1300
6286
6407
9510
2328
9298
3601
0234
1383
3591
8103
4915
9475
3880
4900
3681
5003
6776
8645
6214
1492
2852
3612
8523
7804
7126
1223
3403
6999
7942
8854
9998
0233
0723
1629
1611
5450
6154
3331
0637
2059
6520
6174
5478
5509
4788
0622
8432
0954
1683
5805
3713
0970
1452
3022
2289
3445
5218
6142
0371
5894
8095
5970
3406
0184
6498
9632
9017
0754
8226
8364
1622
3190
9682
5103
9518
5401
6862
6242
6932
9206
4216
9488
5846
9716
1406
7817
1390
5154
5000
0672
1917
6039
8064
0188
2252
2089
2685
9553
8562
4791
1045
9866
1997
0999
1176
6753
8587
1540
3540
1503
2121
5170
6344
3181
4437
1559
5560
5885
5598
5816
8143
3193
3461
8467
3123
4446
8245
6536
3261
6812
0290
2125
5407
3248
8230
5164
2109
1372
2879
6528
4126
0433
4655
9662
4456
4674
0198
2068
0663
8497
6101
1828
8449
5603
3113
3840
1855
6771
7906
8256
0801
6833
3100
2814
6152
5655
0239
7484
0520
9951
2407
3026
6551
3977
4633
2156
3465
3684
2465
4653
7781
5274
8356
0270
7200
8324
1044
8417
7661
0930
1985
9433
7571
8012
0696
4875
5563
8581
6319
9131
5479
6683
0209
2255
3019
1784
3144
4551
9409
7127
8172
6436
4968
3437
5156
5079
7339
7680
9045
1037
0628
6201
1186
0261
8298
8295
2353
5174
1809
0668
2945
9523
9868
2672
3663
8768
4678
1122
6677
2855
8719
1312
7627
4296
4847
2978
5334
7742
7912
7978
6547
6864
8362
6386
9113
9605
4827
8092
1638
5633
3993
1226
8637
0716
4504
9713
0708
9172
3035
7823
0051
6122
0555
9227
1304
4769
5591
0618
1062
4619
4856
1231
1563
3530
3404
8709
4341
3521
4043
0768
9098
0173
8627
4450
3412
3633
4476
3227
5576
6176
6117
3821
3021
9831
3891
5331
0023
8050
6437
8946
3105
3904
6772
4360
8300
4050
6898
4290
2947
6985
6016
8649
0147
0128
1084
3374
6451
0950
3271
3438
5435
4620
3094
2658
3526
8751
1171
2500
5665
6419
4403
8599
2817
9809
8553
4886
6917
0501
1156
1671
1906
7143
0953
0098
5548
7191
5399
1365
1690
1442
1811
0040
3913
3875
7629
4913
7554
7958
6565
1857
6054
3087
4877
9570
3558
8896
9043
7576
9269
6383
7068
7270
4016
4411
8078
5949
7478
0827
9899
0834
6590
2050
2001
7307
6599
1988
4039
6070
6705
2028
4816
9261
4654
6062
5858
0032
3165
6732
0131
0374
1562
2684
4911
9276
7434
1236
9637
3621
2544
1613
8358
9467
1762
2511
9107
3213
7174
9096
7542
4372
8969
1463
3467
0311
5255
8098
8949
3171
0286
0853
2613
3346
5143
1241
5901
4473
6637
7603
6990
0093
5398
8741
9302
9762
1155
1190
9091
0085
5733
2083
1224
2821
6571
2021
3345
4693
5045
9084
5734
1074
3050
8621
5207
9459
5840
1680
8701
9056
6499
2771
4533
2990
4576
1019
2992
0115
6258
3009
1842
2837
7550
5961
8981
5083
0688
5142
8418
9207
6375
6189
1107
8664
7751
2682
1625
5197
5405
5350
7045
0395
5135
4707
1775
8495
3932
2150
5582
7865
7895
7999
2218
8777
7094
3333
0982
4684
9679
2179
7121
2789
3398
9076
9426
2743
3589
1643
2246
7883
8481
0967
7337
1483
9053
8883
2665
8360
2278
5500
6735
2374
7148
2839
6483
2440
0390
2640
5023
6692
0769
6456
8848
4493
4579
8910
2459
5973
2820
4405
3110
1648
0705
4782
2828
3888
2075
0486
8021
0505
6410
1289
1912
5981
2494
5923
2222
8329
5648
9428
8127
5320
6288
1535
0162
9599
2171
5361
8357
0835
6779
5984
6439
5305
4796
7927
8414
2330
4297
2014
9613
8639
7668
0022
0491
3655
5641
0001
5650
4582
7884
0828
0203
0981
2592
2574
2337
0235
3299
3486
7870
2080
1705
7171
4589
1812
8336
6510
3038
3576
7720
3304
7688
3352
7825
4779
4731
4289
1978
2867
6937
0566
8408
3954
5136
7749
6853
6003
9545
9471
9902
9579
2797
5917
3268
6740
4287
7534
3804
7167
0691
9918
8533
1072
1426
4322
0226
9690
2045
7656
4903
9515
0479
6747
0814
3847
8903
0047
2873
1209
1914
4135
1806
3371
3698
1557
5965
0881
5992
0924
7226
8690
1880
8157
6872
0012
5644
0556
7555
9193
0997
1493
5206
0143
9468
1119
3203
6474
0214
8545
0180
3751
5556
4128
6995
8804
9267
3463
3803
3998
6024
4817
7095
2283
3397
4989
4057
1034
2943
6247
7832
4934
2199
2436
2543
6796
4087
0223
6203
8227
8873
3081
3187
4373
1968
2321
8924
8997
2268
2884
9072
4061
6633
6723
7214
3292
5600
0057
1565
3182
4774
9751
2795
7088
9908
2350
8790
1149
3635
7340
4214
0219
6539
9465
9782
9496
7854
3718
6947
9893
2890
1344
8482
8079
6349
7445
4170
4300
6702
8582
2762
4242
9805
4098
2966
6435
8816
2261
4574
0656
3499
5226
2982
6205
1527
2872
7928
6861
7943
3159
5536
9943
0719
4624
4386
0020
6327
7215
1133
4717
9841
3060
7713
2688
3421
8498
6192
5074
6012
0496
0551
1610
8184
0680
5426
0583
3634
7271
3366
2657
8510
7914
2911
9432
8441
8539
6353
2523
9376
5717
6023
5273
8731
0092
9767
8111
0497
9148
8564
5086
5994
7731
0570
6714
3682
5180
8046
3637
6423
8429
3133
6922
7041
2968
4979
0254
2571
5441
8102
4168
4858
9134
7053
5037
3231
5920
5360
1950
9891
4625
1010
9071
0050
9703
3941
4426
9146
1318
0883
8424
9940
7739
8680
4696
3146
6835
3796
2930
0679
2444
3853
3671
6516
9791
1202
4318
9976
0388
2432
1479
1305
9224
8876
5528
1059
3596
6320
3344
8405
6839
7754
6596
5427
0179
4854
9268
8666
4851
2823
6447
1189
1320
4888
5438
9695
9964
2759
8159
2501
1666
2138
4279
2217
1429
5721
8260
7724
8623
2843
4575
5220
4997
0342
4008
2342
1522
7348
6480
8169
4825
5386
8677
6777
6686
3611
3861
0454
0870
6513
0702
4293
2776
7732
2701
1870
0429
8367
5034
9686
1731
5696
3537
9953
8771
8181
0292
5382
4447
8847
7253
6147
1946
5769
9067
9691
5072
2108
2265
5663
7364
8902
6129
1404
4758
6027
2400
6213
3482
8775
7499
3325
0210
9369
3370
0355
7961
7953
4102
2060
8530
6339
3375
6989
8302
9431
7528
0277
8255
4690
7077
4428
7006
5383
6901
7104
4516
8005
8861
5387
4003
5368
1779
3306
4231
8313
5986
3289
3041
9375
7663
9707
4270
7951
5205
4525
8817
0773
6181
6849
7122
3527
1145
7254
2428
1090
7027
8179
6912
5005
6277
1254
1830
5739
0363
5062
1407
8856
5259
6701
3747
5324
0896
0937
1439
0174
7772
0670
2577
8106
4232
4651
9297
7946
1402
7729
8086
2849
0192
7826
0686
2590
4630
1882
2747
6970
3732
0998
7466
0611
8749
0377
4362
6676
5339
3034
8538
2116
4681
9612
2519
5190
5999
1480
8397
8345
0365
6684
5127
7900
0921
9942
4139
7988
1980
6608
7519
5346
6088
5043
2881
4892
9904
7863
6281
9772
9937
7831
9735
4459
3003
5795
8688
0316
3970
9894
8139
4669
9405
1915
5235
0462
8163
0315
1371
2433
6134
3652
7925
6441
8501
1069
7186
3580
2575
3685
4514
1243
1368
6425
1687
7780
9087
9090
1080
1138
8133
7626
9086
0962
3848
2512
8286
2995
9798
3416
0783
2310
1709
0922
2103
5080
7343
0011
8716
4593
2396
4964
1454
6808
1907
9540
1311
5743
0734
8240
4848
2117
9009
7621
5519
6888
7389
7590
8452
5919
7353
7881
2413
4494
2702
6225
7251
1773
6378
9587
2550
5408
1338
2417
4068
6745
8013
0641
0700
5119
9041
6509
9618
9664
8520
3496
4377
9709
3131
2046
2513
6346
9863
6768
7923
9061
9491
8995
0384
4790
6785
1039
0062
2132
8634
8273
9819
4410
0875
8332
6050
4636
7649
8235
8744
1759
3636
7044
4112
3036
6048
6317
7611
7328
4031
5210
8385
2037
4757
7016
2043
6916
4454
7439
4397
9373
8931
1007
6534
5355
6646
1568
6828
9394
9013
6643
9813
5844
0650
0321
3517
1081
7878
9185
2766
7509
4246
4603
5304
4399
8573
7283
2162
5057
3277
1075
7010
4725
9335
3687
7784
8355
9835
2679
5797
0362
0709
4606
9167
1000
1092
9164
1167
1582
9021
9310
0808
6278
1685
7256
8585
9461
8746
1043
6668
7774
4273
3201
1248
6602
0445
6950
2168
1825
7050
2115
2398
3679
2271
9170
2345
2599
2958
5432
9569
4131
2088
6843
0197
8672
9915
5504
0414
3862
9325
5425
4721
8211
3878
4785
7890
2647
0401
8549
9083
6503
4904
9993
8156
3632
2630
4049
6933
5166
7564
6823
2053
9784
2388
4657
0448
0124
0978
3077
4985
2019
8032
9208
5540
2004
9652
2638
6053
8675
9258
6512
9215
4198
7046
3195
3910
7419
0274
2486
2724
1520
5151
9972
5835
1863
8881
6781
1567
9111
9912
0975
0536
0402
9447
7065
6564
6313
5768
2566
6906
5629
9502
4800
6028
1672
6724
7728
3595
6797
9308
1071
2447
2835
8885
6227
4455
4255
2205
1297
9683
9939
9460
9034
6783
1663
5486
2742
0418
5585
0364
4074
4241
7791
4538
7597
1792
2874
4254
5693
4432
6007
6334
9988
9441
3704
6689
8998
7479
3808
5298
2240
5163
5232
9861
8968
3729
5332
6199
9161
3090
8611
0803
3810
3504
0008
1777
2975
1382
1578
0573
5763
8858
6975
5757
1398
1457
0075
2489
2546
0923
4727
4914
9559
0643
8641
8472
0341
4755
7553
2441
2559
8197
9049
8231
7707
8884
6831
2660
9584
2314
4167
4863
1595
3979
9078
4095
4937
0509
8569
2463
7697
4666
3449
2926
5679
8094
4430
0494
9435
6858
8327
9331
1597
0310
3640
2197
4460
2540
3645
8745
8661
4295
4354
7170
4840
8992
7543
5024
9343
8107
4499
1303
5021
2569
5653
8912
4712
5568
9680
9766
0253
8465
3154
6300
0852
7764
4618
2826
7757
5584
8077
5645
1665
7816
2356
5322
6064
3912
4971
7919
6694
1633
7748
1291
0778
1041
7451
6514
8770
6475
3395
6226
7288
6557
6938
2362
5059
8343
8518
9920
8244
6522
3137
6022
7236
9698
5027
6631
5856
5319
6057
8401
1550
3876
1765
5520
8182
9771
3672
8537
9287
1714
4998
6485
0843
1677
5091
7147
1965
4679
9346
1178
6183
2055
2504
4507
2257
3390
1394
2760
0659
0959
0635
0831
3925
2193
8930
7259
7301
3458
1586
7210
7833
3457
0122
4108
2703
3473
0087
9462
0789
7753
6158
4491
9671
7076
1787
2709
1260
4786
6238
1475
5842
3247
5056
3349
9677
4422
9378
1325
1022
1317
5246
5330
4776
4264
3460
9743
4999
4200
9615
4260
7538
2235
9144
6934
2442
5437
8735
8033
3819
5939
6236
7594
0333
4038
3183
0797
2412
8496
4175
2601
6126
6742
2705
7986
0304
1105
3864
2946
4404
2695
0833
3328
7491
2822
3238
4709
0880
4482
2390
8705
3179
3960
9974
7388
9557
6800
5070
5533
2899
5299
4401
0738
6815
8532
1359
6363
7238
0906
0282
4470
3676
4346
5044
7413
1170
8668
1888
4107
2829
7181
7316
3643
7193
9694
8890
4355
3297
6018
2792
4104
2906
1111
4698
7421
2844
4818
7782
5341
6494
7599
3262
1298
2858
5702
6291
9725
6709
4978
7064
0753
0273
8153
9832
9221
8383
3691
6741
5815
3813
3794
5078
1524
7812
9398
5804
9736
9536
2799
5942
1747
7345
6254
2697
6556
2552
1600
3501
3278
6285
2135
8112
6670
5094
5866
1951
4120
1076
1166
5359
5785
5029
5104
5123
8426
7945
8559
4376
9666
4695
4870
2208
9329
1453
9550
4943
7394
6162
4385
2097
4543
1120
8802
1104
9361
0958
0289
8464
9015
6149
2209
3642
4381
1348
6746
8457
9382
7910
2956
9588
4665
1767
2070
0468
4547
9712
6978
3858
9848
7220
0048
0956
1768
5089
1531
6417
7589
9749
4643
0313
8113
4747
4438
6306
1420
1987
1549
9051
0177
8882
1040
3298
3646
0452
4084
0207
4029
9941
3249
8421
5098
4114
8068
0165
1280
1258
8266
3789
1035
0142
6052
2155
3610
8996
2738
0514
2364
1814
5912
1823
3032
3852
6033
6799
8258
0300
1378
7375
8351
9929
9572
2187
1509
9175
3286
8402
7682
3948
5946
0160
3849
3282
6056
7574
6123
7950
8819
8502
3673
6091
9189
0089
6925
4364
8505
0476
9602
0493
1774
4025
0255
2535
3279
3957
8712
2953
9165
3884
5659
0360
1366
3399
4804
8269
4798
9754
8177
0411
7551
2573
1116
5447
3237
2136
3547
3894
6215
9620
4610
5279
8475
5230
4005
3083
2231
5203
8811
3226
4400
6881
5741
9503
6962
1852
5893
3067
8162
3269
0603
4384
6146
7940
9025
9888
9718
7433
9604
9389
1391
9304
3950
2110
3510
1206
9842
1744
4994
9645
0319
1973
4371
3944
2524
7926
9830
5565
4144
0987
2651
3945
7645
6249
3882
3211
3905
6079
1127
7494
0413
6000
4571
4922
2596
0979
6617
6576
2274
7314
3323
2729
5916
9896
5013
5516
3420
3710
3830
6597
6295
3080
9393
1630
5791
3754
4269
2547
0811
9635
2258
9610
9737
5719
3410
4069
0606
2645
4527
1444
1990
8314
4838
4807
0612
8759
1746
5160
1195
0244
9270
5539
0636
4752
8316
3774
1764
5063
0969
8371
9264
3644
5800
1954
2871
4326
9744
5931
7835
2287
7352
2051
4026
0240
3678
1729
0964
7349
0652
3929
9817
6803
1264
6854
7510
8601
6755
1893
1216
3767
2031
2654
2018
8204
0155
1887
3748
1707
0900
8608
1238
6766
7773
9155
1004
2359
5514
8646
1339
1466
2764
4554
0125
2106
0027
3241
2473
3768
5105
7800
2386
7358
2195
4638
5434
9764
8137
0966
9470
5066
9079
9628
6642
0939
4022
6969
2236
4176
2661
3887
0110
2054
7205
2375
2603
7789
7475
9633
4247
8280
0739
4629
8732
6341
5577
6577
7706
9946
2105
2280
6354
4261
2181
4166
8740
9949
1694
0297
0898
2174
0091
7842
7992
7768
3117
4588
6196
2548
7701
4317
3520
1716
1827
8687
3058
3616
0380
1330
3485
7154
2238
1576
8330
0524
6798
4497
4188
9359
2457
6824
3592
0593
1430
6248
9407
2857
0163
2495
4117
2646
4852
8440
6758
4555
6273
5141
8620
0602
2628
0228
6321
4599
6335
6918
3107
8953
3426
6068
7901
7401
7652
6700
5549
4414
1793
5937
4594
5658
7156
4142
4748
8062
8142
2076
6859
7860
0453
2102
6237
8845
9853
4859
2809
7221
8654
8743
0516
4844
7481
9473
3045
0960
1899
2367
0892
8974
3358
7746
9954
4229
7507
1941
2561
1253
6006
6168
1194
6271
2662
7151
6675
7982
9524
7642
8436
8991
2036
6200
1481
4926
0059
0685
3312
0725
9044
6834
1410
7261
1682
9449
1307
3567
1309
9453
1125
5239
0502
4140
9555
0195
3825
4479
2869
0764
0513
1739
4621
5028
5352
5054
2937
5594
3890
1921
7864
7422
5265
5051
0682
8282
1469
9184
1421
5369
3233
6847
7586
8434
9543
4572
3870
4339
5018
0149
1938
7371
9991
4867
9210
0161
0260
1185
7513
9561
1020
5087
4987
8857
1940
2649
0745
7763
9541
0251
7315
2564
6640
4023
3046
7097
8289
2606
3917
4976
6842
7442
5412
2737
4862
1316
5819
9729
4007
4502
5002
3742
7168
6717
3111
3930
8399
3376
2448
2244
4187
5572
0645
8787
2450
4282
4503
7531
5082
3129
5106
2461
0078
4268
4308
4590
4389
7495
8954
5493
1464
7952
4956
7284
7190
7920
0328
1038
5225
3964
1451
7614
1027
5348
0157
9127
2464
3232
4330
3054
4530
3088
3895
8703
2373
1139
9169
9463
1605
6229
2579
7139
5204
9395
8053
9062
2694
8207
9614
3650
3857
2180
7274
3020
6366
0349
5126
0399
9517
4115
4306
2158
8880
9824
5824
9987
9484
5512
6370
4015
1478
0305
1851
0838
0894
5725
5708
7803
3814
2739
1831
6575
2002
5907
1204
1860
1117
5342
5876
8579
8832
9598
6267
1757
3557
7700
7875
8471
3316
9828
6259
7034
7511
4160
9802
9314
9129
9601
7917
8507
1270
8318
9290
5737
6472
4148
2316
7308
2991
1871
9126
9434
5945
8186
3332
0557
4395
0206
5159
8301
7745
2719
3535
1864
1886
7374
4541
9347
4028
8135
4928
9944
6838
5188
3575
9337
0549
9699
0983
9480
9913
7709
6979
4882
2919
0320
9856
6376
1742
6234
0920
3605
4436
0146
5416
5806
3508
9493
5843
8803
7843
3272
8742
9251
6900
1462
8554
5052
4566
1510
1342
9068
4106
7040
8277
8727
0826
1646
7457
6977
8437
4813
0592
7949
9320
6392
3602
9673
7476
1082
2426
6923
3481
4146
1865
3474
2644
4236
5097
6855
2481
3311
5116
8016
8607
9986
6430
8237
2435
9300
5503
9909
2039
6357
0467
2539
4938
7911
6589
7522
5337
7399
8630
0415
0926
2996
7605
2006
4552
1512
5372
7309
8958
8267
6595
1920
0151
1789
2074
4347
6193
6880
0800
6875
7488
6535
8820
4486
5261
1397
0034
7962
2963
6093
7275
4743
6795
2239
2521
2522
7874
0882
2751
9564
9590
2228
4819
8922
3258
5595
6037
6909
2782
3518
8492
6026
7406
1730
4111
3628
6892
9115
5495
5803
7969
2745
6647
1235
5744
1414
2049
1085
0759
4127
1745
1441
2815
5755
9597
8155
1488
4887
0465
8686
8830
8913
6873
8008
0434
2840
2889
9220
5402
0141
8966
6171
7415
2307
3384
0948
5616
1240
0470
4871
6246
6525
6730
5073
5601
8694
1108
3871
4122
5864
7633
7524
4342
7848
5660
5290
0779
8814
6869
8346
5609
6945
3820
4805
7163
7130
3476
5340
1179
9219
0444
8494
7025
2998
4960
3127
0579
6743
2537
2893
0127
4772
8838
3566
4201
2167
9580
5666
5853
6458
8720
3343
4191
1655
3832
9489
4753
0874
1699
1911
6114
8726
6942
6131
4441
2422
4512
7811
3529
1458
0420
7500
1654
0005
8085
4477
5373
5397
4955
5656
5597
6381
0069
5715
2816
1845
2914
3532
3335
4544
7797
9089
7267
0756
3582
7541
8595
9670
7341
4822
1361
4546
3874
7234
5457
2456
6350
3114
4480
5730
8400
9349
9789
4980
0805
7771
5615
8439
2355
8971
1664
9081
8835
9159
4750
7725
0111
5605
9274
7975
8454
3005
8529
1508
9498
7204
3112
9640
8378
7588
0790
1639
1626
2851
5602
4718
2397
5775
9366
1879
1408
5022
5534
3519
1919
3594
8509
9989
6019
9099
7109
5238
0678
4694
7820
2787
1948
5918
8393
4545
8724
8382
0232
5064
9649
4423
5674
7123
8104
2302
6276
4325
0216
4123
6619
5338
8500
6896
3896
0848
6728
1548
8632
7598
2595
3079
8540
9020
6951
6049
1160
1862
7323
0963
6958
9757
3145
2030
4974
6987
9201
0403
4777
8105
6172
4444
5578
1106
9316
9854
0382
3230
4118
9961
2517
3958
4568
9963
9681
9424
7008
4842
2987
5472
0878
7802
0727
0196
2920
5099
3197
2845
1585
4558
9229
7615
1878
4415
1769
5661
6198
5419
8431
4196
2777
5875
6338
7165
3353
4173
1056
1097
9055
7239
8338
9702
9209
2213
1523
1967
4897
0068
0000
1688
6263
6231
3802
1760
6080
2699
7196
0847
7665
3334
6343
7223
9196
9728
1287
9326
3084
5394
3757
4756
1415
1544
3355
7178
7108
3244
5134
3294
8261
3263
6996
0393
6118
5537
7090
8908
2578
6830
9242
4595
9990
6845
5727
5997
1140
6388
1098
3164
0932
7794
2667
7128
4958
7305
8114
9192
1306
1188
1100
2536
7596
4883
9740
3196
1319
0172
0774
0488
4210
4810
1250
1624
5040
5751
9469
3543
9538
0116
5760
3908
8695
5196
1835
3085
4257
8379
3735
1033
2146
2420
4244
9647
5146
8241
9293
3728
0973
5349
1976
3427
1009
7107
2270
7137
0136
4172
7979
8753
3856
2802
0762
4019
8659
6961
0285
3578
4775
1761
6051
7233
8445
9777
3835
4453
8416
9928
3024
2952
4021
5036
0925
3059
6194
0276
7188
7947
7936
0359
5604
0225
6470
4471
7493
2219
1972
7977
9634
4079
0095
9814
8650
3666
0588
3956
8206
0030
2810
5477
3855
0525
5530
0259
0347
1246
5828
1791
1737
8054
3236
3706
6910
9663
2077
2710
0710
3968
1124
7562
2455
8852
7289
0218
8044
0004
7049
3119
5198
1497
1511
4515
7449
6967
8038
0910
9188
7871
8846
2191
8090
3380
6210
8927
9860
7840
9985
7386
2600
7141
8447
8543
3866
9016
2779
1257
8420
5243
0614
2922
7384
4583
3389
0345
7827
8920
9422
1598
5234
4685
2854
3528
2770
8293
1868
9623
2206
3039
7850
8706
2183
6150
3300
0090
9689
1219
8960
6211
6372
5575
1086
7185
4587
2791
4723
1399
5385
5827
9265
7899
6355
7217
7582
1725
1114
4370
8713
6541
9455
5297
7838
9948
6660
1797
7357
4778
8598
6924
9971
3430
2366
7142
1932
8563
8489
9775
1616
5855
1538
0936
9124
0236
4711
9595
9752
5363
1067
3651
8606
3068
4628
9593
1387
3014
3745
4186
7291
2769
5069
0193
6802
4627
5250
7164
4710
1785
9232
3494
0772
3436
0623
6467
6477
5825
7219
4004
2728
7584
9533
5276
9479
5107
2541
0458
1301
1434
2848
0264
5801
6552
4213
3091
5417
7426
8312
5177
8309
3659
7116
9050
9397
4741
4228
5921
1362
8940
7408
5911
1803
4737
8679
0121
0426
0761
1459
2812
3505
6396
7240
7129
5470
0366
2860
7400
5669
5194
0058
9977
4352
3434
9826
0112
5303
4032
2876
2833
3997
0009
6667
4808
1834
5657
4919
6301
0457
0183
9970
3076
2065
9907
6002
6055
0909
5705
0722
6893
3942
0816
2395
0337
8904
1603
1846
3488
0071
5765
1984
0776
6526
4553
9202
8323
1169
4812
8136
0684
6903
9745
4942
4739
9101
7505
2744
2853
2880
5667
3469
3555
2091
6661
9387
8377
3795
7051
9122
1356
6097
7793
4466
3450
4896
5463
1930
3161
0194
7313
9075
2680
4977
8805
1581
6696
3106
1640
4846
8121
2361
4315
4969
8333
4481
2052
5499
0029
8799
4280
7512
4359
6009
5469
2558
3759
1689
3726
0118
8837
7563
1471
5574
0066
4640
4233
6991
7956
3900
8183
3525
4873
4367
4920
5492
8413
2177
3172
2357
5823
3507
9537
4299
2910
0507
3717
2254
3928
8214
2916
4609
4092
9472
2048
9059
6630
3295
0662
7473
6625
2758
5829
0689
3365
7277
5675
8868
3290
8933
9183
5987
5047
5422
4380
2690
7113
1521
1283
5483
5025
4526
2120
7520
8458
0928
1644
0086
6594
0918
5149
8341
7722
2012
3033
9884
1026
9992
5253
0913
0534
9513
1698
8794
3511
8150
6813
3414
2502
8223
6138
3975
5288
3001
7192
4771
8299
8541
1875
4668
4857
9676
6405
6304
6889
1006
5706
5880
2788
8674
3911
0585
2313
4947
8625
1177
8093
8366
2471
2612
7638
2623
9644
4358
7098
8767
3881
6784
9039
6411
6628
1537
9591
9319
3327
3674
3778
4001
6453
4972
9105
0483
3066
6433
3736
8798
6582
5723
1642
0770
6876
2173
7359
7444
2692
1735
0775
4975
7726
9934
6965
2560
3108
6124
7796
3254
2756
2977
3822
7407
8047
5542
4795
6537
4563
3841
3699
9200
8310
0872
9756
3391
8134
8045
5147
0042
2172
3259
2602
5191
8386
8526
3899
7518
7675
5926
2281
5976
0243
4850
5302
2594
1118
5792
5569
4321
3959
8939
8147
0698
7600
4518
8116
8161
4058
8986
7038
4597
3700
6820
1381
5184
5227
7303
9406
5790
6345
1720
0944
0268
0837
5891
0582
5836
7272
8262
8380
9717
4357
2056
6409
9408
9982
2497
5258
0039
7135
5617
1807
5420
6092
4350
4689
4734
3291
2895
6930
1389
7066
6708
4714
0222
0832
7246
3152
0651
7026
1276
0885
9190
2620
1955
9921
8305
5317
1636
6094
3288
6293
0899
7438
6840
2912
7149
9383
5610
5455
7363
4534
0537
5862
8491
9859
9401
4608
2827
5586
0767
0438
2986
7278
2904
3441
1609
6650
6857
3037
3670
5199
3721
5006
8872
0148
5467
5812
3444
1334
0934
2061
2389
8792
5662
7766
1277
6623
8246
5951
6449
4580
2415
6698
6185
1271
2382
9348
7132
5950
1532
0714
1594
0084
8160
9995
6257
7937
3996
3697
3169
8075
2241
0589
9038
6562
7567
4036
9639
2329
7403
0802
1658
2713
0138
3707
5124
2123
6324
4898
9203
1579
6624
8851
4165
6754
6645
2611
7031
8682
5608
2530
5622
9867
9214
0410
6252
6310
9027
8941
7934
4149
1380
5501
4604
4413
1608
3336
4327
1115
7968
5393
1449
4923
2276
5948
3816
1046
7083
7162
7420
4899
6902
7866
0795
9566
2639
8897
2689
4682
0281
8782
6103
6270
9439
7244
1078
3468
6713
5139
9646
7755
1514
4872
6083
3668
4345
5639
4164
2580
1996
2898
1575
7625
9546
6868
0823
6822
8007
2531
0676
8699
8789
4458
9163
1786
8063
6739
1656
3411
7100
2484
9801
7515
5075
7255
1587
9938
0521
0459
7711
0574
3570
1908
4578
3711
4849
6674
7069
5118
2940
8110
2409
3424
9732
5746
9911
1937
5507
7112
4478
9688
8951
1798
2148
0796
4060
9979
5796
5892
3761
4094
3931
4623
2938
3919
3000
8945
2414
6428
1499
3921
5869
7872
0220
8925
7001
5782
8011
8834
6115
9656
2525
4990
4379
3703
2913
5941
9685
9485
5375
1363
9774
1552
6207
1213
6331
9260
9001
3569
2951
5242
8917
6077
2326
0863
2656
9520
4125
6377
6403
7296
4601
4000
8990
3260
1417
3688
0681
6841
0947
5567
3516
5019
6420
8660
3619
6665
8973
9844
5703
1821
1486
3863
0212
5285
0455
8764
8274
3756
4736
5740
7103
8247
3407
5010
8270
9477
4906
8220
2220
4336
4017
7604
6658
6235
6360
6994
6615
2368
5314
8272
3276
0706
4652
1191
9552
8490
4267
6778
0713
1670
3472
9705
8717
9178
8972
8610
5475
9880
0299
6540
2256
8859
2008
1353
1982
5646
6274
4335
7607
0314
9549
9965
6065
0158
1653
7931
4614
9808
2794
8967
0204
5707
7882
2783
9410
4951
1902
7606
8361
1286
5738
7279
2507
3354
1796
7369
4425
0515
6644
0485
9247
1931
8138
8762
9235
4660
1089
8511
1350
8894
4088
0189
3462
2263
3793
6943
8906
1637
3898
5150
8425
2380
2902
2505
6074
5979
2589
4820
9571
9730
8612
0288
2439
1755
8591
6431
7211
8516
1152
1057
9838
6894
4018
7666
7695
0840
1252
3533
5414
5943
7280
2011
1143
6031
6086
5364
7516
0777
8363
8514
1491
9621
3843
3773
0989
9563
1347
9980
0660
0168
8151
8430
3178
8622
1112
7245
8952
6657
1416
7609
6222
3274
9994
0346
9259
5270
6726
6045
1641
6711
4406
2293
9952
9046
0704
2908
3850
5213
9933
6722
5676
8188
3220
8614
8037
6554
8544
6352
0152
6636
1949
9692
4089
8855
1014
1328
4284
1885
7070
6173
3879
4181
0992
3752
5589
5120
7411
6568
7585
0041
1612
3138
3150
6125
0381
3842
3978
6635
0284
1679
3781
9255
7463
0070
6545
1763
8120
6598
9104
8723
0318
4880
9367
2960
2304
7778
6591
7583
6010
0408
6585
2811
5400
5593
1447
3694
4072
4513
5351
0417
8100
2169
8117
6533
0822
8308
2178
9145
9420
1553
5845
3609
1333
3308
7669
2294
9151
9338
6780
5473
8201
1936
8427
3337
9739
0856
4225
7477
2765
8306
2210
0200
9603
9281
0134
5410
9345
0201
6490
7955
5694
7915
5090
5735
0877
6710
3542
9490
9238
1925
1168
1617
5128
5535
4567
0631
9438
9419
7440
1360
4584
4337
9708
9228
9711
4374
3654
8018
3455
3834
0751
6440
8615
8831
8647
3053
2339
2403
6164
8265
6774
9738
3073
4439
8433
2419
6367
1896
6690
2625
9035
0019
9354
7412
4799
7717
3296
1551
7435
9037
0604
5630
7876
0436
9171
7351
4288
2452
7197
4034
5431
5872
7079
1321
8419
9742
0988
7643
1782
5884
7776
5932
9386
8629
4893
5042
8140
8390
9734
1961
6151
8574
1741
4961
1669
2673
2079
2866
5722
1999
3886
8398
2029
6748
1450
6450
4152
0053
3273
3544
6656
3156
0291
8557
8081
6816
9371
7237
5849
2152
8556
5545
8534
0072
1132
1272
5612
2275
5388
2972
8624
2883
9643
7654
6770
1620
0407
1697
5462
9843
9130
2825
7268
3581
8909
1093
8784
2970
4715
2071
9007
6954
8957
4472
7503
2308
6832
7581
6418
2073
3568
6297
1700
9720
6223
9085
3357
4185
0931
2358
2232
0572
1991
7744
9417
1496
6021
6071
3284
0460
0441
2391
1772
7450
2286
8836
3401
9696
2565
7497
4105
5770
2107
7612
1588
2861
0379
5316
3686
8061
5301
1547
2347
4412
2147
5406
5248
5030
2451
4249
5485
1021
5628
4077
5396
6416
6936
9806
9211
9003
8096
4052
0014
4962
4687
1840
7383
3690
0726
3552
3823
5745
5753
9156
2741
3199
5643
9173
7644
6427
0164
9901
0104
7198
1175
1947
9117
8631
9152
5452
5370
6750
7222
6315
6340
1061
9914
3209
0211
7736
3447
3490
7085
0867
9796
3986
0666
9531
9883
5008
5619
8791
1012
3063
3301
3750
8000
6523
4602
0528
3061
0787
4237
9585
0945
4161
7506
7632
7662
8057
7540
5233
9321
0404
8486
1801
4612
1981
8722
2153
5909
6132
6794
3202
5100
2127
0567
5978
0961
7078
7683
6275
2708
1017
9416
7334
8800
5445
6302
0535
8368
1969
8506
0893
1619
4642
7317
1623
5902
1476
3546
8222
7657
3381
8048
0246
1484
2445
6408
5547
9040
6316
2681
7674
7703
0569
6519
6264
2224
3025
6256
3976
7790
0135
1859
7202
0846
5101
8710
