3508
0378
5044
4191
9785
4454
4346
4049
5064
8346
6714
4783
6199
9927
4747
4802
2850
9885
7986
4902
4379
8414
2964
5609
7268
8589
4400
5820
4174
8328
1469
3388
4240
3831
9423
8833
7140
4192
1546
0390
5070
5244
4690
9816
3502
5861
7308
0558
7397
7325
6580
7035
1543
7116
6708
4765
7660
9971
7991
2974
4406
5103
5407
1549
4701
8406
1081
0149
7456
2501
5622
7918
5913
0765
2202
4947
9023
0562
1528
7514
7059
9853
8611
5997
0568
7616
4836
5125
3748
7674
9634
0782
6839
0599
3693
3055
1841
6904
7218
1234
9373
8453
6272
6641
1984
6114
8217
0978
0500
8976
7177
4181
9386
8339
7092
4649
0214
6448
9374
1810
2555
1365
5922
3602
3559
7903
6897
5620
9208
9674
6482
3190
4536
1370
6986
1786
0303
1335
3519
6401
3832
3683
5326
1593
9447
7283
5525
5319
6195
7718
5615
6314
2899
8394
4577
6801
8228
8748
9330
8460
5626
6510
5045
6468
4647
5588
9793
1077
2909
1540
2951
4188
3539
1888
4621
8853
8918
9670
0237
7246
2777
5417
7752
7418
9066
4723
2312
6917
1262
0299
8755
2700
7193
2278
9718
4934
9167
0944
9538
6859
1697
9758
2139
3006
6265
5892
9362
9226
7932
7409
9030
2826
5900
4666
0310
8897
9151
7334
4140
0555
5889
7274
9471
3369
0815
8571
7378
9196
8148
1538
9254
1323
0346
7591
8425
6598
4944
4807
5554
5238
2600
7000
7040
7990
7484
2566
0918
3056
6568
6740
5914
9387
2494
7794
7843
9865
8410
4843
0421
7450
4305
2390
0612
2378
5385
8312
6045
8252
5312
2480
2507
0364
9244
5755
9727
9784
3725
7763
4277
2934
1146
5299
6387
9440
6963
4225
9091
5796
7987
3454
0990
6395
8815
3836
0381
0690
0972
9165
8045
6320
0452
6704
4322
7911
2715
0117
1822
2553
5961
2805
3240
7054
4760
0633
4123
1217
9081
2201
2821
9107
0236
7945
5200
1842
7625
7327
0578
7742
5934
7849
8108
9054
8046
6550
0373
4184
8032
9317
9862
2216
7562
4798
3122
0963
7211
8739
1275
5101
3890
6822
5931
7170
1599
7254
3657
9967
2541
5163
4685
9484
8674
7893
0557
5279
3044
6341
4607
7790
4182
6638
4141
9730
2333
5147
6785
0621
1725
6431
2717
7273
9978
4864
2219
3222
2174
6125
6266
8274
5037
6596
6376
9333
7453
4469
9319
0733
5577
2998
8428
2729
4290
1505
9992
9684
4152
6685
6251
7108
3914
1461
5589
4557
7758
8296
8960
8417
0702
1875
1602
3403
8631
4196
4592
0988
1625
5749
6892
2245
0855
4560
3907
5074
9364
2270
7296
8584
6948
1194
5231
2702
4706
7066
9755
5616
2387
5421
9314
0751
0868
1674
3462
1106
7662
6779
2685
0675
4512
3882
6344
8859
9257
0150
9515
6036
1174
2372
2380
0217
6326
3083
6863
2603
7241
7350
9337
3866
5420
4377
9915
5322
4179
4588
7030
0720
7982
1026
8806
9154
2696
7807
6049
3171
3844
1263
0443
4180
0550
1710
8476
9526
4519
2495
6581
0866
1427
0756
3825
4065
8079
9580
7787
3060
1091
8240
9647
5701
7457
2496
4996
0689
8275
3732
6253
8314
8766
6720
8552
8913
0526
5750
3267
7488
1219
3290
0553
5162
1771
9976
4911
2441
3282
7998
7739
7989
1447
1446
0951
0837
1960
3719
3476
1900
8135
1680
0191
7232
5989
6696
5456
3869
4088
5382
9243
7553
1515
9537
7083
3874
4633
5436
8380
9944
2093
5550
7067
6447
8614
6868
0182
2816
1356
7524
0233
1961
3009
1663
9870
3337
4076
9284
2569
1597
5251
6823
0151
5584
6789
8712
2301
3153
1993
9989
6769
0671
8605
4504
9783
3969
2877
5709
9085
8459
2017
9653
2628
8277
0354
4830
0273
7411
5100
7750
7984
2400
2427
0530
4623
6377
8038
5568
9377
0199
3876
6379
2830
7711
0547
0510
5048
9891
6367
2221
6310
4209
6214
7996
9313
1523
8403
8703
9686
3184
8110
3372
5498
3964
8776
6202
6824
5166
0423
5739
4471
0536
3163
3373
6668
1868
0955
2075
7866
0749
7028
9632
8392
1360
4100
8842
1008
3667
7722
5174
6526
9606
0860
1035
5541
0987
5925
1648
2005
2337
9309
3421
4029
6744
6935
7439
0276
5542
2498
6086
8027
5297
0928
9354
6631
8647
0925
9277
0240
5102
0632
6393
2384
3106
7999
4337
1843
1704
5333
8231
6979
7018
0938
2817
7671
6250
9395
5310
2907
0962
7405
3249
7336
7491
8250
2035
2716
7245
2753
7931
5551
4059
7342
2659
0606
1807
7402
8773
3994
1145
4990
3924
5926
8036
6911
2445
7077
3504
6909
9238
9741
3067
7510
6442
1866
5426
1608
9527
2593
8227
8826
5306
0559
8715
0455
8517
1460
1542
2820
1347
4435
8706
2014
7684
0339
3920
3998
4358
6309
2814
2651
7973
2762
8058
8116
8849
6241
1164
3871
6323
7309
3672
0429
5703
2703
2405
7071
2109
6584
1293
4338
1018
4729
2575
8157
4616
8043
3545
5689
7137
8103
2513
5172
3409
0297
5974
8006
2402
1353
6374
1745
7276
6607
2794
3162
4849
2203
2186
8505
9757
9096
9114
2649
8905
7953
9933
1264
5590
9900
1573
0655
3062
2366
8961
5877
2291
0018
3081
6551
8303
2588
7259
9287
7467
9582
4809
3250
4000
0067
9938
1818
6278
3297
8901
3211
0344
6348
3971
6946
1023
5153
4151
8329
4848
1747
9773
1620
2088
7997
8213
3178
2859
4109
4978
8368
0966
9493
4397
0442
0404
1153
4839
1908
2255
8600
0474
2461
4054
9826
2630
5603
7250
8656
4056
8655
0043
2317
6541
9029
8548
1482
6507
1651
1616
9215
2602
2757
8832
2341
7617
1733
7550
2658
8375
9584
2586
5781
0255
1045
8211
7239
7038
1937
2347
4275
1676
6706
9388
9465
6440
6745
3303
0367
4921
3690
9716
8839
3119
2209
9492
3641
5161
8466
1099
9310
2329
1518
0036
5294
1188
6821
7311
8735
0089
4036
4156
5778
0326
3052
8491
6321
1160
7847
2472
8481
2137
0602
6787
7208
4725
9911
5607
3753
9988
9339
5155
6727
0256
2181
7383
2487
6311
0532
7408
9205
5445
5949
9501
2330
8291
1270
1173
1260
2013
0034
4425
4550
1862
8369
7500
7688
3695
4618
2525
3238
9046
9036
1434
7700
6365
4132
1474
3093
6561
0752
4066
0447
4795
4779
6460
9806
1138
9638
4093
4505
9275
0874
2900
8594
2843
5135
8258
2038
3096
3268
2860
4826
5158
8174
6325
0994
3197
9040
4991
3323
3949
9400
1687
6833
8408
3536
5831
0692
5766
3435
9230
5195
8061
9404
0325
0388
3885
9555
6525
6465
2267
6676
4369
7168
6408
0529
2675
2009
1762
5793
7042
0395
3932
3523
6661
0103
6351
9286
8955
8633
3923
9993
0880
3375
1392
4107
6960
8762
4276
6208
8192
4226
5165
4678
4034
3152
3728
5444
6466
7647
1752
5390
7964
1223
7930
7299
9152
7637
3604
0693
0989
4687
0546
6355
6733
0970
5565
8698
2213
6767
7517
6490
0114
2666
1910
9769
2759
4596
7547
9533
9981
6961
6856
6144
5235
9729
1265
3325
3474
8180
1774
3464
5099
0897
1497
6937
4937
4323
1196
6776
6953
8778
9392
4767
4354
4750
2119
5632
6529
3678
3160
3858
2218
1058
0076
8229
6453
1604
7093
1811
6174
9050
6907
9394
2073
3357
8890
1631
8608
4927
5956
7629
2947
4655
3980
0746
0512
2512
2898
8028
3501
6171
9691
4684
3300
1249
6164
1724
9751
0873
5954
5226
8162
6218
4602
4441
7673
9986
4676
3134
9000
9382
6710
4336
9840
8688
2059
4111
1414
7487
2527
3179
0171
1945
5286
6005
0414
1175
9894
6166
8983
7201
4427
5425
3429
0037
8838
4984
0656
3439
2650
6297
4183
1738
1319
9199
5544
8012
5207
2945
2734
0967
0319
2707
2935
5555
4834
3376
0748
6261
8432
1440
6807
2730
8064
4681
5291
8247
7613
9235
3517
6091
0995
1665
5483
3937
4092
1933
6263
6860
8560
2546
5266
8875
0365
3005
8785
0773
0582
8732
2300
3781
4938
1245
2765
5671
1307
4202
9110
5175
7226
4674
7446
5936
0753
6180
7293
6757
9866
4273
5945
7770
7561
4551
8264
6053
2185
6559
1768
2433
0079
9189
0153
8177
2381
8871
5359
0078
3359
2191
3965
7297
5798
6976
1111
4236
7263
3562
6903
2851
5627
9627
8506
5474
5307
5304
5096
2162
5372
4031
2992
3078
2307
5951
6436
5528
3927
4712
0635
3002
3378
8041
9542
0333
6008
6844
7189
5874
6001
9044
9782
6361
3595
9956
5451
6456
1690
7757
4186
0745
8181
1158
0098
2037
2690
7233
2582
8568
3912
9959
8805
2870
1250
8017
2171
7321
3116
4234
5891
7381
9833
2623
8305
1776
2150
9822
6730
3755
7856
8947
3841
4131
0564
1504
6947
3598
1906
4485
8934
1976
7326
7396
3156
6908
9688
6424
3931
9094
9240
7220
0740
6101
9766
1344
1006
2248
9193
4298
7243
3360
5112
6243
9636
5754
2409
4822
9991
1946
4482
8973
4710
0828
0676
1820
9817
8087
4269
7478
5386
6142
8436
6330
0282
6717
2921
2197
2712
5777
7923
5389
5968
7727
1165
2475
5222
5928
9745
8772
5212
6462
9473
0946
2511
7876
8962
3587
8338
0848
5083
3653
5840
7147
2223
8545
4352
4208
6269
0645
3147
5464
6693
1231
5711
2173
9093
1316
5284
0959
4094
4005
9049
4661
4315
2508
6097
4884
0792
9004
1834
7393
8699
4672
5383
7266
6239
8613
9221
0398
3754
0800
8060
4157
2744
6718
9267
9384
4170
0201
8672
8386
7032
1280
6928
9438
7394
5079
8995
9296
6781
4518
5678
7434
7406
8389
5143
6173
2941
2509
0723
6041
3371
3301
8345
0849
4717
3883
0898
0002
9185
9556
3001
5937
0628
2823
8282
9641
3854
0524
8412
6426
5344
6335
1161
5964
4333
7941
8039
1204
5440
9712
7649
9108
4287
0370
2691
5955
4785
0841
1555
3393
8953
0627
4859
9681
5071
9321
4426
7513
2000
0956
6357
9593
2792
5657
6943
8649
8265
9171
8015
0982
1904
5381
1773
5108
0534
4797
5434
7070
7344
3849
3572
8008
1340
4306
5024
3531
4680
3560
7922
3909
9659
9216
6287
6516
2967
4856
5803
3348
2335
1706
8199
3906
1865
3782
3098
6137
1423
1109
1061
4124
5504
2543
3761
1247
7339
0241
0551
8721
1591
6432
5321
2972
9932
9985
3418
1090
7055
8226
0242
9305
8658
3933
3206
3245
0397
6484
7802
6458
6575
3700
3111
3901
8331
7300
8632
1618
5470
0770
4494
7045
7188
2302
1185
6324
3940
3471
1283
3277
5414
9651
6783
9829
5882
0788
4601
5183
5533
7648
5245
5971
4501
5227
5250
3943
6422
5824
4814
5350
5799
7328
1652
5022
8783
1355
6452
9035
2308
2558
3313
2754
2033
3035
2627
2813
4045
5377
7257
5059
5473
6496
6237
8376
9739
5455
0719
7303
8680
0969
2298
3380
5571
6223
9469
8629
2488
3397
4068
6673
2611
2288
4325
7222
2854
3774
8069
3381
5220
6683
5723
9921
2295
6029
1814
0665
0243
0431
4774
4959
2241
6371
8266
3586
6589
1273
4711
2755
3084
1717
6540
4363
6189
0309
7287
9212
1226
7005
0462
5751
9250
6627
0183
9916
9006
5856
7196
4888
9611
1166
1042
4489
9037
0511
5952
1995
7470
3322
3550
9948
2436
5042
8813
7832
7992
1288
3945
2884
3346
2448
5642
2476
3291
4421
2953
0212
7425
0836
5271
0548
1501
1151
7965
7422
8020
0639
3143
3383
3887
4533
3013
9955
2615
1071
6503
2297
5759
7744
5683
1975
4913
0475
8558
9219
3977
3765
6479
2564
3316
7880
7864
7416
4177
1753
1397
6258
8709
4212
0042
1884
2021
4195
3867
4125
3041
6400
6342
3413
4977
6370
2838
9898
4871
4090
4831
4825
6811
6651
1239
7924
4033
6083
3066
1302
5716
1372
3590
8795
8535
8178
8687
4060
1551
9958
4658
4343
2529
4745
4547
1780
0463
1658
5272
6841
8822
9002
6110
2808
3555
7564
3039
5466
9342
9890
1646
6522
4739
1878
4163
0931
3569
7100
2466
6343
2234
7316
6124
0528
6084
7495
5500
9461
6615
7002
2479
0249
4136
6020
9770
0090
4394
0945
0814
2238
8144
3543
7814
5188
7703
1642
9776
3996
4487
3312
4073
1388
1836
8239
1943
7944
1713
0004
6502
5021
8361
2568
2811
2954
2046
0008
2389
8771
1072
9225
4476
2684
0041
1466
7186
9434
1305
7216
5909
0302
9233
6642
7960
2074
3225
6888
1209
6192
8316
8343
8515
1925
0324
4811
0590
4523
4248
3285
6624
2660
2732
1100
8372
0776
7348
4958
1701
2518
6417
7228
7875
3043
2646
0730
4669
2975
5406
7271
2069
7407
0640
3514
6715
9487
8220
5128
6249
3905
2376
0070
1062
8720
1329
9666
6869
0436
3364
4989
0600
6677
6088
1163
2930
4768
8112
0138
4313
9276
8011
4288
4416
7231
2428
3624
9379
4446
7292
5826
0402
5468
2910
8760
7609
3136
2515
8416
0075
0401
2264
6852
9344
9140
1496
1131
1554
5598
1236
0807
7082
5698
9137
4027
9954
9617
2633
9424
6334
7199
2822
3652
3549
7582
2748
7007
2353
0611
3265
0010
8149
4194
1463
8047
6010
1207
5736
8850
0292
1027
4255
5178
1143
4161
0430
6122
2589
2652
6358
8259
8478
4659
1339
7527
8743
2326
3236
5633
5194
8750
9578
8887
6725
2722
6864
1685
2782
4951
1679
3616
6444
8297
2103
1934
7086
9994
0867
5704
4083
9964
2478
6796
8803
8801
1067
5228
9494
6906
7286
8352
1817
6985
5625
9864
5327
3354
1681
7353
7887
9644
1969
2431
2758
9200
3455
6748
8308
5012
8201
5502
3108
6257
4227
2857
2105
2848
5535
8154
8942
9116
3213
1093
9064
4956
1985
7881
1321
0435
2610
6734
9825
5241
5540
5939
0136
5706
8465
3730
2444
5243
9206
8342
0052
0757
4593
6765
2718
3503
2780
5905
1562
5963
1476
5413
5523
5906
4941
7622
5730
9841
0220
3665
9086
7346
7248
0586
2736
1559
1527
9535
7267
0784
9370
7120
3783
3999
5629
4759
9269
4149
9931
9251
7474
0767
4008
8134
0167
1613
9860
6461
7669
7010
3216
5779
4391
6939
0164
5431
9120
8684
1812
3578
1314
6014
3132
1089
4012
0108
0210
3220
7272
9530
3189
0278
6392
2942
3465
3812
9429
3272
8413
8880
9953
2607
3343
3494
0630
6778
7690
8526
7219
5038
8324
9624
2434
0750
7695
1054
1662
0525
8089
0306
5575
4899
4018
9361
7603
8304
0991
6345
4470
6570
7657
5788
0903
6812
7817
5182
4047
5376
0338
1612
4790
3050
2182
3164
3012
1615
5429
6353
1712
4538
8127
7860
0205
9136
7023
8155
5918
3709
2192
7012
3643
5077
6009
6313
3029
2086
6527
3853
6900
9421
2735
6729
8070
6074
9268
5771
3102
0613
1182
9528
2667
1013
3241
0769
4247
5173
8238
3441
1856
2775
7628
6513
9134
2858
6132
8398
9600
9489
4532
5340
6674
1782
5219
7535
0900
4965
5999
0083
2840
3808
6112
6644
1060
9047
7153
0737
5337
6062
6632
0957
3612
9657
3167
8939
7867
4769
2134
2320
3170
8654
3773
0077
7185
1200
2957
8479
2982
1729
3310
3982
4041
2834
8534
2275
6270
6940
3347
3390
1453
5566
5775
0494
0709
7604
4413
0683
2879
4740
2519
8075
9236
5712
8646
8212
8896
5705
7912
3658
5370
8196
9637
5888
6930
7685
2976
7400
3112
8473
4300
4939
4716
8486
9335
0801
4667
3049
6017
4545
3187
5121
0839
0831
4877
6671
0663
0930
2961
4279
6916
7215
5916
4857
3712
8388
9209
3860
0188
3717
7948
2655
3630
0592
1977
6511
3792
8051
8864
4537
3900
8381
0637
9021
6871
1867
0069
4256
6752
3280
9396
5839
9197
1731
8809
7592
4698
8320
8683
9960
5953
4419
9936
2062
5635
7776
2919
6514
8579
3801
6723
3239
7819
5661
3215
6096
8397
2084
1016
6637
6845
0296
4575
1488
4311
9123
7264
8878
7818
0073
2187
8063
5408
6819
4981
3419
9380
3908
4651
8650
6276
9453
4105
3813
8171
7899
3333
5405
1519
6467
4975
4260
5827
7680
9509
9682
5715
2474
1041
3515
5904
4462
2988
5141
7204
2733
4134
2063
7937
7732
4144
9282
2890
2883
7952
2225
9581
4262
9203
7854
5301
5202
7160
3020
8336
2356
9656
5185
2924
8498
0743
1760
5586
5836
7504
8804
4312
7676
9553
2198
3778
6106
2902
1189
2643
2243
0320
8435
3259
0618
3450
7771
0650
5450
4763
6957
0106
2886
5164
5731
3972
7868
5510
6463
7796
2449
7949
2459
6135
7490
4751
0316
8270
0796
1667
2761
6179
9516
3054
9963
2749
6254
5610
8523
8661
3892
4301
2915
1336
5846
9596
0065
7955
6914
0300
2277
0540
1965
4695
6772
6380
5794
2166
6412
8738
9198
7574
1152
3438
0759
5975
2616
1777
4178
3485
4175
1301
7136
9642
8861
0011
9844
9126
6246
7206
7555
9043
3962
7099
2997
3150
0225
1017
5601
7404
3382
5065
0964
0413
8825
5452
3051
6577
4646
9602
6420
8758
3433
8420
0975
7721
5596
3445
8998
6346
2383
0662
3470
3726
4010
5503
5765
6491
8224
8928
3525
4668
8357
5693
5496
1373
9041
8013
5764
0044
7052
9925
1437
7560
0204
8622
8675
2177
0197
3186
0405
5602
0159
9965
3025
1137
2943
7546
2054
8146
0454
8782
7179
6298
9856
9510
3274
1403
2450
4340
0508
7808
5947
1839
2108
6279
7661
9118
1939
6229
9673
5051
0541
0907
6546
5247
3648
6534
7497
2608
6470
7878
8298
6849
5190
9069
9532
9893
5795
7109
0097
9511
4007
0472
1451
0132
5495
3090
7679
8811
0631
1614
5898
1201
0570
5742
8848
0653
1948
3368
8957
0478
9328
0391
6762
6643
3365
2168
7262
3257
7494
1367
3021
2956
4988
0285
3939
1148
9414
3100
7305
7672
9842
5976
0881
1928
4781
9067
9482
9922
8233
8221
8454
5543
5813
6274
5005
9418
0399
9338
1974
9583
3004
8969
6922
9658
6799
8923
1116
0202
5479
7256
1303
1905
5302
7886
4617
6280
9807
2172
6240
6918
8030
0993
0712
3507
2852
5168
3897
9065
5494
1968
3968
8941
2080
7362
8536
7716
1107
5612
9340
3917
0394
2332
0715
5587
9352
6499
8142
2530
6364
6682
8737
4022
4728
4906
8740
4349
4755
5221
0735
3446
1073
0270
7452
5392
1300
7720
9102
9183
1813
4106
6956
5506
4540
7775
6092
1399
4730
0833
3275
5156
5378
6339
8719
6133
4925
8525
7125
3242
8705
9733
8747
4855
4242
4974
5375
1941
2745
6657
6126
6535
2699
9701
9919
6982
8781
5336
8601
0228
2597
6095
1232
8248
9930
5852
0105
8073
8232
9518
9804
0444
6307
6485
9774
2797
8910
9220
2955
7855
7423
1787
5521
7749
7882
0636
1539
3711
1885
1560
4492
9417
9073
3223
5061
2933
5960
4490
5648
2204
6874
8673
0661
0823
4630
4644
6506
8731
4108
8092
2711
4430
1973
5187
6774
7539
2916
2154
8050
3085
5014
5311
3118
8150
1369
9488
3266
5524
8697
1895
3416
0216
8066
5428
2342
3952
1103
2739
7068
5821
8555
4404
2631
8844
3500
5091
6260
5062
9445
3526
6850
9467
3026
5404
1997
6184
8088
8884
4407
9052
5270
0254
0542
2932
2827
4583
9017
4366
5776
9433
0509
8510
2071
8400
7089
0687
8195
7496
3415
6290
1458
7573
1180
9273
3524
9239
5969
8763
0552
2058
9872
0616
3776
3304
5236
2831
3522
5729
6518
1066
8495
6549
6610
2709
3008
1502
9246
1739
8158
0913
1150
5240
0427
7213
9728
8553
7745
9032
0980
4875
4992
2534
3795
7686
8358
3888
2001
2469
5085
4569
5666
9708
4824
3928
1854
0644
1564
3311
0375
6832
2176
4553
9074
1436
0812
2370
9778
8618
9428
8643
7466
1080
9410
1556
4961
3731
0761
3696
1963
2257
2194
3651
2099
8037
5940
0533
8193
8487
1635
3042
2812
4940
7873
9667
9402
1671
0666
1705
4702
1964
0406
6719
3599
8511
1897
9224
9061
8616
9048
8427
6123
7765
5841
8271
5655
0519
3028
5002
7578
7534
9256
0734
7950
1102
2031
1206
1611
7909
3180
3469
6599
8888
7940
0495
4222
3828
4461
9908
6747
8856
0697
2774
3698
4360
9498
7151
3295
5423
4348
8723
1838
1923
1398
9705
5600
3196
1325
6308
3714
4883
2966
9218
7619
4448
9281
0218
5834
1595
2164
9454
6555
2781
5814
0283
7630
3911
8126
6416
4714
1650
3610
3099
5171
4973
6158
9366
3491
9496
7481
2188
1840
4445
5233
2273
0514
4278
6282
8530
0124
1566
0588
7413
4891
6913
4748
7740
6933
1823
3561
2491
6878
9715
7436
2214
1695
8599
4085
3757
1252
1728
1125
9365
3007
6331
6372
9574
5110
8564
3966
0949
6741
2285
7163
6653
9724
1927
2647
8053
4304
8276
3046
3080
9059
9692
9051
5644
6301
6721
1609
7816
2539
6172
8385
9732
3104
7084
2704
0822
0937
4933
3926
3611
9252
1621
2783
4528
8130
8175
9015
1816
5316
0135
9937
5433
2104
1322
0718
3577
2796
9808
5031
6256
4317
0691
1119
7022
6024
2825
8246
8866
3756
7294
7635
7122
1980
2510
4274
5138
0013
7225
3234
5977
9194
8204
8637
7995
9106
7788
0024
0950
6411
7377
3019
9479
2571
9444
1890
7269
2538
6059
9847
1104
7559
7050
4294
4126
6855
8077
3149
6684
1754
0366
7165
2872
0736
1998
0850
2865
1633
6504
1047
1851
6027
4452
5688
7227
1304
8627
8925
2078
8653
0318
3978
5353
9867
5119
0246
3264
8592
1821
0876
1653
3487
9803
1402
5334
5572
4439
1772
3498
4253
5342
1558
5883
6830
7691
8881
7677
8863
5617
5341
6386
2452
9721
5255
6410
1313
0094
1459
2639
9191
5292
5517
4376
2556
8551
1494
7138
8170
2220
0110
6827
1113
3879
5446
2554
9003
0165
0469
7905
1377
1049
2028
9990
4372
8702
1530
3252
3126
0896
3422
1881
9906
5090
7521
8898
3930
5087
7980
0624
9381
0597
6658
4165
6876
3533
1343
1876
7957
5684
3505
8566
4361
3573
0610
2638
2963
3802
9477
6628
4067
0315
7621
1048
7667
4146
3736
2595
1742
2426
5812
3951
2407
0615
3443
3490
5253
7492
9038
5013
2590
1552
4816
0504
4003
6692
2962
2432
2066
1261
7016
2081
0670
9603
1989
1267
2420
0587
2853
4128
5522
2244
9182
7289
4766
1954
9698
6825
3809
3509
2835
8161
3791
1191
2833
0084
1198
2336
9879
5658
9924
5811
5897
2067
8496
8812
9274
5054
2394
0432
8904
4823
7848
2619
5485
2360
3414
1557
1053
4055
3546
0158
5843
9097
6236
5354
7571
0396
2190
4384
6579
6021
2937
9887
1708
6234
6439
9018
4099
4297
0771
1678
2642
9420
9001
7706
0045
8016
4249
6988
0851
3255
1162
7178
9320
2832
5845
4444
3059
7702
8474
8828
8857
7096
3970
2679
4187
6866
5224
3752
6500
3750
9798
3724
2806
0234
4139
0203
6978
9436
4410
9316
8981
5117
7128
6593
9589
8105
2574
2200
8107
8954
6705
4833
4368
6281
4284
2847
1624
4829
5000
3155
2492
6403
2674
7039
5637
3288
3456
8980
9568
5186
3324
6800
2222
3113
1484
6381
3506
3915
8956
0104
3747
9625
7451
8792
9522
0453
2981
7184
9886
6409
9552
6220
3898
1132
9298
8391
1095
1467
4705
9174
1179
6926
0001
1168
4135
1195
0142
6861
5782
2260
7735
2694
4319
9591
8208
2549
8831
9852
3772
1870
9349
9801
7726
8113
3146
0168
0382
5331
2282
7379
0797
2018
9289
4113
1464
2862
0017
1499
1636
2922
3681
5438
2115
4316
8078
9007
1318
4535
5758
0014
1024
1248
4023
0789
5757
9554
8049
1439
3925
6750
4744
4586
7135
1128
1707
2542
7976
1532
5458
7572
8796
0703
4267
5636
7733
5569
0293
5374
3991
1384
6882
0456
6245
8438
6471
1493
8722
3088
7730
4473
3182
6586
0914
8335
0947
2392
3922
1632
8514
6167
6519
8516
8596
8160
1357
5676
0604
8387
9063
5903
7419
1470
8609
6204
4692
9090
3918
6427
0643
0926
4491
9640
3564
2350
8744
6160
4801
6840
8943
8433
5707
8539
3632
1019
1962
2357
7260
4153
9247
2818
8908
1233
0883
5933
5115
6064
1769
2516
5129
7172
7465
3307
9071
8752
7118
1722
3377
2576
1751
4159
1155
3877
4233
2446
2280
3875
0713
0358
5137
0323
3692
5066
5722
7917
8455
7370
8442
9892
3477
7810
9180
9385
9517
7970
2007
9999
9472
2328
9260
8855
2645
4749
5737
5072
7800
4827
2502
4228
1524
9204
1521
3579
6872
2354
6404
0107
8754
2120
0028
4563
2948
3334
8172
9371
5527
7374
8118
8189
7024
3833
4905
6545
9768
9756
8906
2931
2815
7921
8932
6655
7751
5924
1796
1931
4403
8745
1598
9129
6712
8035
8970
0479
0503
1142
9019
6880
5559
8518
7463
5624
1996
2676
9951
8885
6165
9427
3605
9539
9249
4549
0910
8727
5189
6093
2422
4597
6117
0003
8707
3899
4628
0461
2885
8273
9499
9550
9914
8775
3786
9020
4481
6792
1126
5752
6505
3202
4853
9650
4918
6582
1228
8854
2928
3620
5142
9347
2123
6735
6742
2993
3547
8216
3759
1123
8612
4463
2049
4075
5489
3129
2727
8676
8014
3128
8260
3016
1092
0729
2763
3895
4120
6388
9358
0280
4923
5507
9350
0802
8642
4137
0864
3144
9655
3762
4096
9261
7302
9326
4892
3622
4038
1050
5043
6578
6384
5123
5134
0674
2352
9660
2359
9451
1140
8915
2253
6368
2483
9618
1544
7689
8524
5088
7034
4265
1601
2212
0696
7074
8359
9356
2418
7277
4531
0699
2011
2340
2331
1864
9098
1256
3746
0856
1510
4167
8429
7795
5398
0466
2672
2657
3317
3735
5055
2003
6446
1917
1873
6902
7936
8456
8081
5033
5654
7387
5870
7345
1342
2363
4089
8749
2114
5549
5687
1492
9504
7501
4693
1639
6275
7968
0451
6464
0379
6498
4450
0608
0438
2140
0184
4102
7728
4995
9917
5057
5851
6032
4440
1421
8167
3837
4480
5338
0063
6991
3563
1284
0415
4818
6645
6977
9502
2410
9078
0890
2499
1788
9478
1424
3642
6292
1308
1212
0481
1533
0835
3806
3254
4456
5184
6548
9295
7417
4043
2232
9060
1253
0818
8293
9689
9264
6143
9896
4282
8909
1746
9506
7942
7132
1886
3315
6090
7431
8095
8327
5987
3953
1603
1055
6761
1004
1203
7979
1202
1626
9996
2970
9109
7322
1086
1038
4232
3058
4024
8284
9325
4642
4362
8299
5472
9975
4164
9836
6438
9195
2470
6286
0920
3281
9562
8903
4604
2195
7655
1740
2027
1489
6069
9149
0688
3985
1037
2756
9232
4772
8200
4114
6455
3583
7244
0827
4084
5199
4021
2906
9431
3987
1949
7815
1803
2107
6065
4388
8736
3742
5560
1919
9748
5124
2673
7971
0181
4622
6987
2368
8097
3737
8500
7766
0811
1577
1278
7806
2397
4150
8048
6569
1660
2324
5760
6656
6564
5196
9301
8919
1696
7618
3807
3570
5368
5060
7946
8959
6758
5122
5491
4526
9446
7363
8184
2228
0861
9079
4562
8029
5690
0148
5536
3609
1286
7061
7365
1108
2096
2648
1431
6018
5920
8940
1169
2728
6205
1407
2742
5086
9133
6565
9576
2625
2296
7624
7915
0120
0952
7420
9690
8788
2136
5274
1362
3355
2261
5068
5581
2083
5790
4810
1994
0347
6002
8461
4626
0449
8948
0596
6537
7543
5106
5579
7565
3235
3145
2500
6790
0267
6185
9592
7033
0762
6495
2183
0116
4796
7791
5915
8382
6449
9262
6601
4867
7599
0854
4500
4064
6350
6013
0518
0727
1893
2788
5035
1525
7164
0053
6698
6028
4903
2635
4213
5899
3625
0372
4016
9598
9302
0400
6919
4207
0312
3014
7845
0361
5887
7512
6633
8892
0227
7951
6950
4104
7169
1076
9476
4637
5355
6019
1860
9737
3775
5265
5699
4017
4206
4873
7549
6786
9923
2043
8528
1956
2224
3437
8662
1186
1689
9957
2640
0986
9376
5339
1578
1832
1371
1628
3024
9558
4677
7644
2560
2795
7962
4122
7015
0170
7678
8921
4200
9117
4694
1637
9329
3864
9177
4028
1230
7234
7985
8593
0960
8399
2294
9720
5281
0458
8309
3302
1418
7237
2299
3613
1516
7102
7516
8393
9771
7197
9735
0484
4886
4417
6230
7926
2908
7202
3518
5808
6130
2467
4395
2845
4117
4291
3284
8570
0747
4486
9680
3352
1457
7291
7412
0708
5772
4082
6407
5784
2905
1000
8332
8423
1529
2262
1570
1932
5714
8141
0755
2095
1859
6475
3328
0760
1498
7820
5148
5802
8936
1936
5149
5618
4900
0629
1726
5837
9441
2263
5097
7444
7974
4770
5034
7877
3723
7908
3389
2023
0031
2165
4724
3292
3697
2371
0428
3293
1211
7696
4422
3863
7675
4006
7318
8462
2949
0213
2015
6603
0450
1503
4612
4295
5501
6709
6931
8230
9567
7710
0912
0235
8165
7317
7174
0096
1517
5023
5670
5552
2599
6048
2687
8114
0439
2316
5415
8267
7811
6262
5563
3770
5908
4962
5672
4453
2211
5010
2112
9156
7610
7518
2276
4854
5604
0252
6159
8889
0571
6100
8287
9980
7046
9802
4238
3210
7111
5109
6328
9529
5718
8985
9811
0527
9818
4640
0385
0589
7290
2592
8508
5063
5256
3448
0882
2132
1327
0569
8443
4281
8351
6378
6884
9704
2532
1901
0130
7391
3120
5692
6073
1592
1953
7542
7503
2767
9547
4039
9076
0537
4736
1274
2896
0924
7966
8630
2440
1883
7313
7729
4342
8188
2741
5469
2950
2697
7956
1010
7298
3722
3628
0081
3449
1070
1520
9271
6255
9961
5160
2158
0939
6836
1417
4185
5631
8686
7415
2065
5838
7198
8182
6659
6764
1412
9621
4475
6669
9162
6221
1683
1982
6087
8541
5008
9946
8717
3580
8994
9789
3557
9873
4220
7029
9940
4158
2146
6536
0221
0006
1483
2097
5360
7902
7890
2686
4508
8377
0923
4573
9437
6329
2404
5105
2893
4455
8670
0016
1668
9412
6037
4353
6538
0507
4737
4928
9786
8306
5990
6700
6820
7130
7053
1938
8991
4718
1959
8452
9747
8485
2636
0935
6003
8026
8640
6539
9605
3410
7634
8054
8603
9549
3251
6688
2121
9331
8125
8447
3033
9544
4999
5391
8619
6829
5921
3048
7828
8333
6033
7385
4828
7251
3431
9100
0015
4682
3460
5136
1809
7295
2801
9068
3499
0433
2776
4468
4635
2393
4948
5809
3087
3852
5677
2868
6865
8999
2179
4954
3677
5330
8023
2252
6842
7110
2305
9028
1224
2824
0305
2236
2682
9139
7389
5832
2382
9124
7530
0538
5475
0998
1227
7003
7124
0330
1069
9008
1345
5663
4286
9422
9652
6895
1586
5447
7167
7665
6881
1909
5356
0497
7723
0369
2842
5081
7640
8205
5197
1686
4688
9846
8084
5710
9687
8007
3666
7347
1579
1222
1183
7017
8390
0186
2215
5371
0179
2836
5583
7319
3629
5526
6606
0244
2047
4793
4401
3527
8926
1850
2090
5365
4467
8900
1899
2622
9190
8823
3095
5133
2391
4257
3253
6397
8507
2283
2227
2737
5806
0137
6109
1847
7596
2468
8944
9146
7057
7681
4758
5027
5816
2484
7857
4520
4383
2984
3247
5394
5553
5984
7101
8641
7708
9202
1940
8757
7037
2644
6494
5397
1031
3386
2882
3362
1281
0060
4524
8767
3799
5695
0783
3594
2235
0976
5728
6899
8965
0383
1419
0560
0846
4143
2006
8147
0208
0185
2351
4466
9288
2274
1659
3788
1617
4746
6815
4525
6915
1144
3331
8475
2141
8407
4071
6980
2304
8521
8573
8519
0425
5513
4530
6972
1171
2844
0549
0340
2414
3432
5770
5713
7850
8404
0215
1043
2388
6216
3826
4581
4787
3829
0642
3576
2514
9163
8585
3954
4590
6966
3574
1550
5873
6780
4738
2878
3203
7515
2004
1312
1830
4458
3623
0824
9834
2117
5324
9294
5345
2313
5570
3017
8244
3387
3151
3287
4035
9719
5917
2050
4967
6664
2145
3955
4720
6038
5320
6517
6057
0129
8384
4715
7031
5439
3848
6340
6177
9443
2526
2497
9972
0806
7981
3597
5717
1767
5211
6817
4686
8176
4296
8689
2087
0974
8572
2057
4880
6477
1675
7755
3881
4356
8279
3224
6755
8285
1490
8363
1170
4665
3139
0813
3209
9411
2386
4326
2594
9889
9168
3588
1044
8379
9809
0290
5144
5492
6521
2455
3200
6291
0724
9671
9754
1644
1735
7079
6151
4364
6724
7840
7803
3243
9648
7778
5116
3229
5769
5349
3492
5773
4058
4874
5216
5787
6609
7340
4442
6834
0440
7830
0940
5686
9848
0701
5886
9449
2936
3271
7799
1294
0356
0566
2914
4399
2863
7652
8340
5401
7078
6667
3125
0348
9164
7694
2726
1887
6680
2614
9327
5268
6867
7934
6858
5318
9683
2837
5323
7762
9850
5092
9505
5650
2125
8074
6300
5774
0263
6964
6595
7612
2070
6984
4653
8356
1176
7097
5201
5482
7590
5225
6497
1480
7004
5369
2578
2377
3958
7611
7897
9119
3769
7247
7705
2226
6678
3176
6920
0641
8786
3472
0156
3790
0088
5930
3716
3475
2082
0739
4556
6854
9819
5011
3191
3218
9566
6176
9144
8480
3298
5789
8692
4283
3530
5965
2149
8711
7442
9987
0039
9969
8362
2251
6079
4792
3401
7373
7161
5950
3405
1083
2089
2254
4292
5298
1009
6945
5561
2421
6154
6626
9619
7437
0321
2284
4917
4318
8638
9723
0146
7786
8704
5854
0161
4845
0774
1382
8151
0492
8931
8556
9095
0175
5659
0307
3166
9353
1218
5859
0791
9391
4812
8137
9942
2787
9997
3077
3687
6399
2399
5881
1425
3204
4503
4214
2695
4119
1251
6654
5807
6369
3600
1924
7043
9278
3633
6574
4053
7925
8319
3195
7482
0061
9543
7493
6951
8666
3673
0941
8477
4564
1078
5511
0424
2042
9943
4211
3109
5613
6646
7469
8492
9695
0101
0517
3181
2406
4051
1052
0085
0281
3105
1383
3451
0355
8367
2327
8746
5818
1266
2189
2894
6047
5515
8821
6450
8966
1229
0617
7764
3538
4898
7827
9676
8021
6077
9311
5516
0911
5986
6022
3706
2973
8042
1845
4838
8062
6768
6924
4176
3094
4231
9814
3436
7006
4722
3771
1074
4821
9570
1114
0575
6890
9926
4190
9910
9179
6974
0480
8448
0403
0565
5309
2567
7008
7438
7809
7114
0584
4719
9869
7483
5694
6766
8269
1526
2250
8770
2701
2874
7583
7969
5585
1794
1385
6590
0623
8671
9375
3886
4204
3423
0902
6805
5242
5363
1955
8590
4846
5879
4074
3654
2996
4224
3440
7693
8916
6063
0465
1277
6428
3127
0334
4098
7879
4552
4527
0834
5700
2889
7270
0064
1210
3789
8798
1655
1971
1669
3065
1763
5205
7009
6170
6901
3444
3342
5724
2457
6441
7975
6553
5578
1957
0593
9772
2430
5029
8010
6163
4390
9201
2979
1455
6794
0489
7158
0099
6650
9457
5675
9077
4229
2051
8860
9519
7682
7656
9877
7963
3758
5682
4502
7382
5995
8405
7036
7351
8334
0275
3420
3805
1804
9604
9172
1075
4813
5132
4479
6634
7943
2435
5573
2268
1571
4160
0021
1246
6225
3644
7403
8988
8194
6197
1898
3309
0808
5741
9599
9977
1902
3057
7433
2537
6602
6604
1216
3221
2151
1863
3646
6621
6030
0843
6131
2323
9491
6647
3426
7570
7152
8597
1359
4210
0251
6990
9409
6012
8022
8102
7075
9979
3679
5902
8360
7464
0798
6390
0119
4078
7072
7861
8977
1581
9575
4852
4713
1833
6244
1798
2958
4402
5396
6697
1853
4743
1225
9413
8325
0177
5919
3452
0127
0603
9628
1990
2807
6629
1877
5828
5691
8879
8818
2355
5972
1575
7536
5260
7129
0794
1118
7605
1619
6283
8085
7687
1297
9265
4664
6136
4878
5623
9796
3425
0594
6630
5850
2231
9874
2233
6754
9237
3607
0862
5257
5098
7585
3000
9743
3950
5049
6108
3686
1715
6406
5979
7064
6155
8302
7212
1730
0607
1914
4048
3117
9058
5509
4820
6271
7734
8005
3798
0535
7320
9569
1363
2153
9696
5314
9832
9813
4166
1473
2693
8168
3073
6094
1545
8667
2978
1903
7371
5430
0287
4654
0245
5547
1051
1059
2517
5050
2025
4789
5293
1857
0516
3551
8076
4608
7388
2417
9820
9092
5395
2306
0591
1331
0342
4539
9027
9968
8604
4020
3370
5893
9304
4293
6923
6187
8575
9345
3960
5154
5941
9324
0717
1289
2531
3941
5726
7459
7310
5285
6594
0904
2110
4572
8819
0180
8472
2258
4657
0704
0025
5262
0669
9787
3705
6104
7743
0163
8610
0725
0417
4734
4696
7356
3995
6134
6689
8685
9561
0803
6652
5254
8718
1279
9536
6687
1368
9669
7844
1432
4639
4819
6473
7085
0144
5192
0284
8664
7194
1711
4116
7520
0200
2412
5805
0386
1348
0520
3819
9545
0286
8807
8532
2540
9615
2205
4258
1462
8912
0371
2661
5140
5645
5073
1444
2591
8840
8520
8975
8659
1133
7874
3141
7511
2810
2991
9559
3975
0157
9740
2292
9734
8071
1585
3780
6098
9369
6107
9540
3680
6591
6619
1672
2318
6089
6699
9430
0598
7896
9138
2041
0082
1991
3859
6150
8753
9355
5289
9147
7639
8024
7889
1743
4373
6703
0859
8591
6478
6162
4971
0790
0933
8467
2100
6952
1149
4451
7094
5176
2925
0714
2503
8395
0022
5673
7853
9868
7701
7062
3584
5308
8104
2464
3402
6061
8845
2493
5261
8657
2462
4566
5379
0194
5313
4289
1987
0459
3086
9011
8055
6508
0695
0271
8914
5016
8330
1187
4215
0491
1723
1435
8780
3842
8133
0539
8294
5702
1511
8286
8249
4953
3974
1408
4280
3647
6512
2193
2766
0721
4171
9630
5780
3957
9880
0961
8557
1268
5490
7280
4328
9308
1410
2118
0279
0441
3582
3038
7576
8190
3489
7304
7525
3615
7399
2968
9080
7544
3344
7779
0434
5823
1096
8223
8945
6616
2505
3889
2522
9810
2740
4069
9455
1692
3544
5546
1134
5259
9970
5488
8396
2881
3023
7588
7593
0953
3636
4882
5094
1193
6925
8499
8236
8411
6082
0660
3617
0131
3230
2482
3664
3656
8484
6116
4464
0029
0884
9616
6493
1238
8234
9831
5753
6613
1001
1844
2375
6875
5835
8272
5009
5910
1574
1673
1921
4613
9452
9998
2490
8179
4942
9608
4465
0554
6635
2019
0416
0506
1178
4374
0219
2800
7426
8639
0311
7620
8874
0886
8173
4752
4162
4910
5643
3986
1046
3361
3947
8862
3720
9790
5039
3824
2769
3601
7768
6969
2024
3396
6228
2217
1317
8349
7670
5040
3248
4019
2750
5595
7580
1594
5258
5985
1718
7240
7421
8996
3749
8992
5467
6183
5003
2113
4700
4543
7183
9408
7907
6862
9192
6883
3661
6481
4584
8313
9186
5052
0576
1415
3733
4559
8682
3379
0521
8131
4660
3810
8858
4309
3198
4251
5505
8899
3685
1215
0852
1912
1310
8251
6488
2094
3870
4496
8547
8109
2485
1806
8469
8040
9837
3263
7581
4460
9664
6457
0487
5638
1656
3258
5388
3840
0033
6186
3956
7834
9849
9781
0858
2565
2092
1034
3201
6366
1785
8121
2030
0829
3061
2677
6670
3483
8355
1861
7414
1350
8468
8841
9882
8681
2346
4650
3571
1159
1433
6044
3843
8458
9531
7187
3289
3529
7846
2871
2443
9389
4239
7051
7258
3845
9597
0844
7106
0678
2629
7654
8847
7360
7577
8665
9726
2917
6075
5743
1130
8241
9334
6421
8119
9357
7920
4603
7275
5557
1254
5680
7372
0174
3319
7737
0563
1328
0222
2965
0825
0505
8893
5994
3175
4133
0420
5300
8163
1426
9458
0901
9560
6360
5325
7627
4591
4982
0979
9475
4308
7650
4052
1420
9188
7852
7601
2506
0051
4756
4568
0985
6224
4042
2706
2983
1486
4378
4679
3976
1135
2803
3817
0126
4510
9463
8774
8289
6885
2310
4335
4929
6418
9711
6788
7056
9760
7398
3101
5681
3990
5530
1835
4565
6567
4103
5829
6242
0786
2343
6139
9622
7509
6338
3395
7236
3407
6487
5277
7805
5800
5801
3124
3872
1654
6264
8837
5946
7761
3638
9791
5076
1221
2784
9300
4332
8366
9661
5114
7898
8378
8444
5747
3884
5556
6111
2779
6071
7651
2239
8301
0102
0652
7238
8690
8001
5857
9677
0579
4529
1351
2379
3468
6363
4244
9368
6965
4011
9390
4786
3321
8877
2237
4002
2557
0145
1801
0223
1661
0673
4506
9161
0879
4062
3635
6026
7615
9871
5869
9132
6879
7088
0473
4521
6294
3497
2888
8348
4904
2451
8543
8563
0778
2680
5791
1364
8003
9685
2160
0229
9920
0058
7502
9016
9572
4890
5443
6554
1749
4032
1507
6198
2048
4844
6542
1306
4079
1913
8083
4449
8958
6058
3904
7485
9486
7063
4689
7756
1154
3233
5167
5792
4935
7095
9654
4614
7435
9508
4271
6359
9184
3682
7506
4784
0984
7759
0908
9099
9464
4091
9851
5761
8872
4189
2799
1380
1764
9272
8437
0313
7714
2904
3392
7475
8768
8501
2322
0260
8067
6520
3902
7338
4488
8344
0351
5151
8483
2535
6054
7159
4415
5957
6583
2971
3913
2178
1852
1032
2632
3734
8978
1872
3459
5720
7837
6207
7731
1156
5442
2738
1607
0206
2362
1094
6302
7859
7395
1988
9779
4381
3542
0250
0035
1430
1677
3973
7892
6660
8852
8421
6970
4741
8869
9231
2458
1855
2290
8652
3205
6474
7149
8625
1563
5203
9983
4205
4815
4307
3428
4513
7888
8891
9629
9645
0419
2550
8930
3068
1837
3814
5366
9500
9707
4218
0239
3427
2596
3553
6362
9072
3565
8503
6737
9609
0805
9534
0819
7048
6190
4219
0471
3581
2563
2339
2334
0954
4370
3384
5980
1167
4761
4493
0711
4268
3727
3816
6161
4627
6995
7784
3391
2229
3335
4371
9702
7265
0872
7959
5725
5982
0049
3715
6023
7146
4778
0809
2653
6798
0758
5461
3532
9442
6973
1882
7883
7090
2663
1040
7323
3261
6782
8624
9034
9157
6941
3305
0622
0074
0426
0141
4908
4344
1732
6138
0113
8544
6040
3115
3614
4868
2923
0231
8817
1181
8726
3356
9586
5402
3942
2946
4876
2008
4511
3159
5409
4173
4285
8290
8187
5867
9902
8052
8318
1491
0929
1799
7443
5842
3961
4330
7087
1487
3047
8927
3556
0556
3740
7858
6649
8136
2246
6592
5018
6910
8261
3694
8451
1243
4009
2373
1030
7468
3662
2911
4428
6711
7760
5576
3330
8733
5296
3691
9949
0143
5056
6694
9935
0482
1088
5865
5786
3639
6284
7767
8242
9929
3329
8280
7552
5351
6414
8198
2920
7638
9699
4086
7607
3027
3227
7145
8292
9135
0122
3621
3350
1315
0899
9481
1393
0619
4324
5895
8337
3349
5280
0230
6731
2724
2463
2138
0893
5282
4691
7699
0155
7724
1110
3434
3944
8917
6663
1338
6962
2791
3701
2169
3411
0625
5089
7736
8576
6608
4850
3306
8263
6035
1541
8446
3339
3071
1553
0408
1582
3708
2135
2367
1627
4546
7476
1481
0869
9823
2746
7131
1547
4030
3040
0248
0705
5273
5958
6120
6157
0331
2349
3278
3063
8728
6066
9266
9613
7715
6445
4474
7663
4110
8595
4544
4968
6929
2580
8531
9588
7824
1605
1907
2562
4095
8883
6749
6007
7144
8987
6103
0614
7835
8034
5204
9663
4976
0437
8164
0211
2029
1548
3634
9084
3702
8794
5179
3138
2319
6588
5896
8439
5679
5785
2855
3412
3936
2572
6816
0620
2548
6121
4570
1441
2561
2790
3703
3089
0012
6191
9217
4777
3650
3404
6425
1479
7851
3074
6476
3713
3671
5825
0626
6573
7838
8504
2345
3374
2020
4887
0726
0317
7498
7668
3484
3417
5343
9466
3406
8779
9228
8004
0522
7863
8237
3558
4949
7229
5069
2713
8315
5848
3199
4931
9838
5532
3214
6105
9159
8741
0118
2849
4594
5208
0057
3408
9307
4044
1848
7091
5476
2528
0523
9176
4334
5548
0128
5047
3192
5878
6728
4127
0154
2116
3172
6252
4897
5944
3935
1381
9928
5303
5080
7717
8128
6605
2098
1584
4606
5853
9336
6076
4499
5817
8651
9372
4970
8982
3011
9393
8310
8562
1894
0845
9828
1756
7983
5448
8371
6894
4070
5234
4478
0763
3461
4389
9881
0080
7019
6147
4791
1750
1784
7190
3938
6896
5520
0304
9631
1920
4270
6153
2621
6396
4201
7127
3834
5441
7519
5019
5762
4365
6756
5362
3273
9145
2869
8101
1512
8791
1645
5463
0787
0799
2040
5605
5943
4329
7157
8341
3326
9595
7636
7123
4986
8185
1926
8140
0838
5847
6981
7933
4832
3593
8283
0501
0842
7631
8922
9245
8129
0483
7769
6955
2111
2678
3785
1416
3822
3466
7666
2396
0166
2731
2365
3540
8533
5923
9405
5237
1596
5855
5992
1007
1757
4057
6332
0190
5641
3157
8488
3674
1292
1513
1015
1922
4339
1826
3566
5797
3793
1287
5131
6219
4587
8793
7870
5558
6524
2486
2419
9703
9895
6211
0160
8829
3669
1020
3353
7871
1630
0093
4216
7044
7645
7777
2055
8470
4780
0389
3394
7598
5001
7587
8628
1858
8588
8056
9905
6078
9709
6556
3037
0943
8751
5017
2999
4595
2034
3032
0291
7369
4303
6070
7664
1157
8716
7836
2311
6743
1495
9087
1177
0152
4567
4198
4155
2170
1567
1666
2719
5674
2303
2570
8370
7014
2002
4299
7746
6853
1445
5357
6791
5295
9013
4367
5935
4869
2064
3803
9780
1378
7105
7614
1405
6814
7176
4914
9292
4757
1670
0189
9590
6115
1465
8278
5967
6178
7430
5593
9984
1958
3868
0793
7461
3663
0368
4585
3948
5804
4199
4459
1531
7833
6194
9883
0820
7058
4542
6848
9293
1349
5263
6544
4972
4721
9279
9462
8031
9490
8139
4561
0298
6614
8253
8577
2980
4610
6050
4615
5608
7994
9903
6148
6318
6746
7337
6620
2786
1831
1235
8082
1606
1714
2654
4516
6299
7282
0997
0448
5329
2423
1778
1269
3603
5412
7541
2926
4223
0574
3606
3226
6118
9318
5628
3512
0086
1775
6175
9024
2841
5697
9614
1208
8512
1892
9062
6932
2683
8440
3744
9258
9950
6921
8799
0007
9845
5290
0605
6006
5036
9668
4987
1700
0247
0207
8218
9290
9503
1064
4398
6443
6530
6528
9587
8353
6375
1197
5875
1029
9693
5768
6971
2747
9824
5328
8725
0917
1827
5283
6759
7235
0681
5599
9299
4393
7471
4950
7566
5864
5437
8761
3766
2052
2242
5248
2437
8106
4704
4817
1199
4894
4980
9585
3967
9127
2977
5822
8350
8143
6043
1105
1972
7606
3873
6201
4433
0411
6055
8364
3797
8093
6419
0026
8867
8471
2016
5317
1986
3075
5232
7540
1442
6259
9952
6958
7441
6327
8099
5901
6188
4794
9359
5567
5046
1057
8789
0732
3820
9672
8777
3336
3467
7166
2618
5358
6145
0329
1944
2128
7801
8695
1766
4889
9706
1622
5422
2669
1951
8569
4932
1871
4881
0657
0992
5118
1952
3188
4858
3246
4936
0583
5639
7104
9973
1079
3207
7741
1792
8098
6809
8621
9242
5399
6784
3821
1589
5514
9557
6285
7366
7748
5630
2286
3779
1376
9432
6119
3631
8634
9158
6146
9777
3794
3981
2157
4424
8169
9214
2587
3473
4605
2547
8574
7935
5486
6686
7901
8497
2912
4625
6402
6429
1721
3294
8057
6690
3169
3745
6571
7567
1536
9143
4436
0272
1565
3399
4411
6997
1657
8183
8374
9514
3256
9346
8235
4554
1759
4901
6247
0038
7895
1522
6415
0187
3640
3934
5213
3232
7141
5868
5159
5696
3269
2175
1101
7642
7285
2752
4409
8206
2126
6585
2867
1981
3567
6039
4998
6967
8694
9103
9713
1979
0853
4611
2624
0764
0198
1394
1508
6149
0580
6273
2617
8262
6293
9259
3091
4930
5367
3804
4598
0971
5287
6152
0258
4037
4245
2425
3137
7191
1375
0314
8401
7538
2395
4983
5763
8846
0266
9710
0958
5214
1205
1896
4168
9468
2439
3659
2438
0139
7906
6999
9031
3767
8974
3079
9397
1828
7697
4842
1744
5082
8984
1918
4392
9857
6213
6802
9821
7117
5653
1950
4804
6870
8933
4652
7558
1311
7822
1719
4259
1846
0543
3366
7458
3707
6209
0176
6560
9255
3168
2785
8419
8764
3637
4731
4634
6072
1748
6347
5719
1716
0359
6025
5884
2167
0468
1033
4243
0322
1727
5664
3107
4753
1334
2952
5427
8091
5387
9665
7432
2358
3811
3921
4620
3534
1452
9843
7783
0486
0493
5894
3670
2344
7209
2523
3237
8581
2131
5305
4483
6238
1477
7139
2161
6587
5275
5735
8623
0499
9022
8765
9525
3608
5708
0147
2989
3142
4636
4077
0710
7825
9448
1115
7563
7279
3327
7719
6004
1790
5518
1709
2279
0832
6051
0682
4707
6808
7115
8502
3823
9056
0888
4860
6793
9792
3699
0817
3270
2665
3645
0651
1629
2583
3575
7842
7249
7448
0922
8894
6454
0209
0336
5025
7900
7150
9546
7841
0374
6523
1699
6753
5481
7653
9303
7288
4497
1450
9524
0377
5373
0686
8713
3585
4754
0754
7380
9070
3861
6352
3495
0005
9649
6873
7349
1003
9827
5006
4885
4429
0634
7707
8834
5058
5191
5534
1475
1684
3787
0345
8700
4266
9142
1358
6288
7812
0821
4960
5487
3919
4507
0983
6942
5170
6337
1537
6382
3655
6618
2804
0781
1285
8561
5872
7359
5727
0667
0196
7813
4733
2155
8527
3979
5335
6547
7214
9403
8124
0446
7823
7462
6210
4438
1634
3856
0032
9055
5460
3627
7330
0659
9291
5347
8323
8430
5733
0977
6532
9166
3318
7192
1797
4909
4727
0353
3738
4571
0700
5531
2361
2720
4671
0264
1514
2272
3513
4172
4589
0193
0981
2725
1572
0343
3718
6837
2626
2465
6912
5942
4624
1978
6127
5649
8422
8123
7133
4865
8132
9759
5998
1664
0125
0647
5269
7020
9211
9248
7797
7352
5582
8989
6612
3510
3034
2545
8431
5529
8951
8100
9270
4735
7013
8802
3946
8207
1879
9456
0055
3340
5611
3165
8383
0668
5830
1237
5276
7392
3030
7499
8554
0092
1002
4709
3231
3865
0777
8257
1112
4246
7885
0392
8068
0376
5810
5849
3351
5948
8886
0294
2124
5095
6102
5157
6831
2809
9012
3183
0066
1295
3676
6501
2613
8648
1085
3481
2036
5647
4382
8321
8635
5621
5053
1005
7988
6128
2293
9752
9128
1966
1244
5449
0768
0460
0062
2045
9155
7376
2077
3345
7595
6846
0948
1352
7358
7333
7060
2708
3299
7357
0698
8152
7548
4418
2864
7171
8288
8759
2721
7021
6113
3619
7586
1891
0000
0490
9153
0123
8895
5591
0716
7826
3430
5597
6566
2424
8549
2130
4434
4310
1361
2705
4776
2723
7910
0742
8756
8219
9678
9839
6771
2369
3751
8876
9878
5193
9907
4840
8245
1241
1028
0889
1734
5332
5267
7602
5432
3478
1438
6212
6489
4762
8537
8542
9750
3520
7551
2180
4351
5938
2416
7831
4580
7747
6851
5075
8963
9962
9635
4648
1779
6770
7792
7954
3208
1346
1805
2271
5748
0804
8851
0847
1271
2374
6011
6716
4050
7683
1449
1935
7972
6949
7242
6679
3283
7335
0685
5380
2314
0780
2959
5580
0059
7798
8946
8836
4847
2321
6893
0357
1600
4555
9717
8111
7505
3092
6835
8424
2481
5218
1332
4699
2504
5721
1326
9360
2559
4862
3133
7929
0100
0288
5457
8509
4414
3286
2147
7568
7919
1259
9045
0352
2903
9941
1422
9399
2544
1454
6702
8090
5130
9797
2944
4800
6312
4081
7632
6562
4432
1065
4955
4775
0919
0301
8714
9571
2247
4912
7725
7947
1638
9033
9694
1117
3862
0140
3424
9025
2456
8018
2072
5288
8449
6233
2401
5646
0638
2454
2473
1172
9187
9122
1429
4385
8191
5111
9089
1082
8615
8322
4457
5665
0706
3121
4851
9679
1587
4345
2688
3827
7914
3800
7623
1025
2637
6672
1147
3173
9639
7569
1330
9904
4805
0878
2892
0932
4803
5981
5640
9053
9714
4841
2256
0232
1448
4548
4964
6356
1693
3541
6810
1761
3217
1141
3114
5493
8626
4072
5361
2913
8044
2601
5093
0875
6857
1124
3963
8835
8636
2960
7646
0601
7134
7200
3193
2620
3158
4517
6992
9026
4046
3815
5471
9263
0741
6231
5932
1535
7026
7754
9148
9939
0393
4985
7142
6576
9111
6975
2918
9753
8952
8153
8559
9113
8307
6181
7641
9297
7314
9762
2778
0259
5041
8911
9131
1121
7069
6600
6675
7916
6296
2901
0363
8489
7489
9173
5858
9178
4788
7594
4040
1802
5107
5209
9901
7978
0445
4357
6726
6828
1471
9363
6156
8990
0380
3463
2793
4579
6515
8418
0826
9425
0068
1824
4509
7608
4118
3045
9742
3511
0677
6927
0694
0173
1097
7869
8602
7939
6182
3878
5007
8660
1242
2085
6695
6993
1443
8971
6707
0498
7324
6843
8797
5970
2477
4355
8426
4115
8096
4773
7556
8810
6625
8115
8326
2714
6322
2681
8540
4375
2289
7713
7143
0680
2533
6739
9697
0906
8870
5833
9480
0915
5084
5223
2101
8065
6639
9222
4498
6887
6405
8159
3194
8663
9115
4943
1299
5418
8072
9415
6877
5634
9888
9474
3457
5606
6248
3893
7424
7532
3896
2403
0885
3123
8578
6968
0485
5465
3855
4013
3626
1039
2413
4920
5966
6640
3103
3479
8586
2447
5996
5732
4004
1333
3185
1084
5651
1098
0672
1930
4641
5508
6777
9435
3818
5215
4782
0048
7230
7862
6486
1374
8800
7375
9285
1500
6557
8565
2771
4742
7545
4130
9141
4979
0654
2768
1755
5866
3320
5991
7155
3537
6666
3660
7011
9620
8868
8824
7429
5113
1320
9610
2985
3552
1472
7180
8808
7301
2196
7772
9912
5539
8373
7284
4097
9947
4015
0476
5364
9700
0965
2127
6303
1478
3851
4321
5348
1257
3212
4673
6034
6206
4484
3528
5594
7306
0895
5819
8606
1643
0595
1874
2364
5004
6763
7041
6235
2429
5120
1296
0387
5662
5519
7027
0830
7773
2338
6391
5249
5912
9507
2152
7076
2939
8701
5229
7597
8059
5346
7523
7162
0515
2551
4870
8441
2585
3847
1428
4112
9160
1291
8734
7709
2091
8902
2770
9579
1386
7445
6751
3838
4147
2641
7872
2802
5993
7785
5424
6196
7579
1012
1214
2032
1255
2415
1915
0050
4235
2039
1869
3743
0349
6056
4423
8009
2598
9607
9057
7195
5315
7367
6648
9367
4957
6552
9623
9470
9323
5067
8598
4945
8708
9594
0422
0934
2609
7175
2348
8122
7738
9383
0775
2873
1366
2061
5497
5145
6543
8691
3010
6797
2819
6140
1192
7584
9966
9306
9227
8347
8907
7386
0942
5973
0464
3076
4217
8929
9450
9855
1561
5484
7331
7507
6622
3177
1967
0341
6813
5734
6665
3988
7658
7355
9351
1720
0921
7261
8843
5169
0030
8668
3367
6433
6289
4203
0684
6936
7600
7154
3228
0467
3480
8986
4026
9042
5435
6295
6085
6423
8434
1411
4142
6305
5545
4629
1014
7537
8550
9485
9854
8210
6031
3130
5619
1815
8025
4443
9945
9213
4771
8730
9241
8644
8546
3649
9633
7891
9725
0111
8993
0224
4148
2309
4799
9253
6886
9565
5028
4582
9322
5740
7440
8784
8354
9646
9601
4230
7782
3729
4619
1929
6483
1258
0362
4138
7528
6385
8937
9662
5962
0795
8645
0226
5860
7486
7361
2122
1282
1122
1127
7522
9315
2210
3131
7098
8696
9563
9899
9520
8086
4405
3493
9343
4327
9736
4916
3993
9643
3880
5198
3830
0731
5738
1087
1789
8464
9483
2056
3983
6617
7961
0857
5512
9234
8138
0238
6533
9913
4574
5844
2520
2053
2692
5862
4396
7156
2581
8409
2895
8997
3053
6168
3442
9541
4101
0891
5419
2990
6016
7958
2789
4347
6983
1702
2604
2929
2656
4193
2891
1703
4994
2208
2489
6775
8710
3458
7789
2987
1947
4350
9884
7121
3959
8295
3535
7913
1220
4014
0269
9348
2144
6736
9512
9121
8669
3070
0577
5746
5150
1800
3591
5410
9731
9039
0496
1649
7529
2079
9460
6480
8402
5139
8281
1588
9876
7626
4522
7329
9112
7967
6563
9805
9859
5744
8513
0019
9125
1406
6316
0335
5562
0865
1698
2460
6226
6994
4837
0040
3668
4631
7181
0648
0134
9014
0262
5393
5783
5020
1276
6459
3910
8197
6944
1765
6268
6435
8255
9083
7401
0253
8949
0195
4221
8256
2102
1568
5264
4087
5453
3219
3618
6738
1139
7073
0407
8679
7281
0502
1688
6804
0112
8678
3279
4272
0664
3496
0561
0172
3488
3548
6277
6060
9495
0332
2880
2760
1580
5210
4514
3276
7659
9513
7865
3989
3308
2159
3018
6760
7692
6081
2671
3338
4915
1983
7210
7753
3741
4472
5127
7557
4600
8827
8790
7977
0121
9765
2240
6398
1298
2927
9521
6469
1389
6996
0810
7454
9459
2828
4001
6437
6722
9995
0020
5564
1063
2536
9564
4541
8463
3721
9812
3684
7508
0909
5206
9974
6806
4534
3554
3385
0277
6795
1129
4997
9010
9175
6042
7447
2866
3174
9207
8935
7698
1396
7025
5030
2986
3135
2897
8000
8529
8729
7307
0766
9312
0470
2798
5927
7224
1190
0887
7428
4576
0646
1829
4861
1354
2060
1576
9626
0133
7341
2773
7829
5462
7103
0056
8522
8938
4264
9280
0295
1793
9577
8677
6803
9738
4197
2022
4129
8243
4169
1783
6169
5668
5454
4675
7460
5181
1324
1682
9223
2148
5660
0779
8920
1485
2662
2207
7938
9897
7821
2579
9795
5669
5146
9918
4952
6451
6691
0384
1468
6572
5403
1379
1942
7315
9523
0649
1999
5911
9934
7049
2269
3916
8300
0337
3400
7255
1819
0360
4558
5871
2710
6701
4080
6354
4252
5876
5656
1916
3003
8186
5880
9858
6889
4835
9761
6000
7253
4412
9082
9800
1640
4386
9401
0772
4314
0027
5400
6891
4966
7993
3482
8317
9075
2265
0927
5592
1758
0087
6217
6847
0968
7839
1569
4872
5907
3097
9909
7223
3314
3260
8979
2829
7047
0327
8254
0573
2668
5614
4154
6623
2772
0328
0840
2634
4599
1694
4907
0892
2325
9229
5078
1011
4578
4808
4806
6315
6394
1808
6934
9863
3675
4632
7113
3984
2026
7384
2577
7182
5026
8972
3760
1272
5015
7449
0738
1992
3929
7477
5978
7793
9799
8950
9982
2876
8582
1911
4359
3262
6141
6998
7252
7781
4638
1781
2068
0728
2408
6905
8080
4447
1741
8607
3777
6898
8816
9763
3296
2606
0261
0679
6531
4645
6129
9210
5477
4662
1184
2861
0009
2605
0744
1213
9398
0658
3689
3332
3704
4145
2163
8033
9788
1583
9439
6193
1240
4609
4437
3857
3764
9767
0545
0046
2995
0572
5890
1509
6389
5767
1795
8493
0916
1036
8490
0091
9181
0054
5104
0863
9875
7712
0707
3997
6333
7207
8415
1970
7427
3110
8214
3846
9497
5983
2938
2471
9749
7927
7704
0457
8580
8814
8145
5574
0567
2453
4241
6304
3069
8693
0816
4302
1413
0785
1623
3244
4408
4121
2385
3796
7112
1409
9794
6636
8215
0609
7065
4963
5384
0071
9104
0412
1309
4061
2670
4320
5126
2839
7473
4477
3739
0905
0265
4250
2142
0999
4331
6046
6818
9775
8617
2664
7554
4703
3447
5499
1610
7533
4895
9551
8209
1400
2012
6662
4697
4919
8882
2521
8225
0047
6959
5815
4495
2856
1825
0350
3592
3768
8202
1456
5478
5685
6826
2143
7081
1889
3891
4926
0877
8494
3763
5246
0178
5863
3850
0870
4726
1401
3596
1022
7633
4643
5929
1136
7173
9101
6317
6558
2076
2698
3363
5252
4708
7278
5988
9746
1534
9861
2010
3036
0409
6015
6068
9130
3064
6067
9419
9815
5652
2612
4969
3022
3358
9283
4879
8964
2230
6232
4387
5538
2156
3031
6222
5756
8865
9088
4254
7080
1849
4025
4663
6080
6434
7479
8567
7312
8019
0095
5537
7575
4380
8222
2206
2398
2875
8968
0162
7774
1647
2184
6306
8482
7589
9170
2199
0477
1056
3992
7780
7894
7390
3140
2133
2940
7205
6413
2524
4924
8268
8166
8538
0513
1391
2573
6732
1641
9105
1337
8450
4420
7531
2281
5352
7107
2287
1791
5217
7001
1068
0894
9407
7343
4922
4263
3710
0257
1390
7928
3072
6349
6203
7455
7354
1341
1395
7368
8924
2764
6215
4656
5152
0581
9150
1404
5230
5239
5278
8457
8820
9573
8002
7126
4670
9764
0072
0109
5959
8873
1691
2249
5745
9406
1880
6319
4515
2751
8583
0192
8120
6597
4237
7221
7884
9548
0531
1770
8587
9378
0996
7332
8769
6611
6052
8365
9332
4896
3839
9675
1506
0169
9341
6336
4946
3835
9612
4732
0418
4993
4863
2411
4764
5032
4431
0289
4893
6200
6492
2266
8620
3516
8311
0115
5480
6472
1290
3486
7119
3148
0268
2846
5885
3154
0936
8445
1021
2689
5459
6227
5180
6713
8724
3015
4341
0488
3082
7480
9005
5667
6373
4683
6430
8967
7472
6989
2887
6383
7804
4063
9416
9169
2743
6773
3894
8787
8094
1387
6267
8203
6954
6099
0274
8830
2129
3521
1590
0023
8742
2259
2315
8117
7203
7364
5411
7526
0585
3688
6938
7904
3398
6838
7643
1120
3341
9830
4261
0973
9009
9835
3589
3903
1737
0722
3568
7410
9426
6681
9722
0308
1736
8156
4866
3453
5177
5416
0544
2106
3161
2442
2969
0410
7217
2584
2044
6509
9744
3784
2994
0871
7148
2552
